PAZCenter	PAZAverage	PAArea	PAVolume	PAPerimeter	PALength	PAWidth	PAMaxDistance	PACEDiameter	PACircularity	PARectangularity	PAConvexity	PASolidity	PAMajorAngle	PAAspectRatio	PAElongation	PAHullPerimeter
1.26476e-09	1.28324e-09	1.53186e-17	1.96574e-26	1.72768e-08	3.91389e-09	3.91389e-09	5.53508e-09	4.41636e-09	0.644916	0.888889	0.906164	1	90	1	0	1.56556e-08
5.99952e-10	1.62863e-09	6.89336e-17	1.12268e-25	8.01772e-08	2.16034e-08	4.6962e-09	2.16152e-08	9.36851e-09	0.134753	0.722222	0.601658	1.09091	176.699	0.217383	0.782617	4.82393e-08
1.89386e-09	1.70816e-09	3.82964e-17	6.54165e-26	2.90184e-08	1.2217e-08	5.11723e-09	1.23768e-08	6.98287e-09	0.571505	0.809524	0.975972	1	170.783	0.418861	0.581139	2.83212e-08
1.57546e-09	1.68226e-09	8.04225e-17	1.35292e-25	3.45535e-08	1.188e-08	8.58454e-09	1.19036e-08	1.01191e-08	0.846452	0.742857	0.977288	1.13514	174.153	0.722607	0.277393	3.37688e-08
1.52615e-09	1.1842e-09	7.65928e-18	9.07014e-27	1.45092e-08	6.09279e-09	2.50455e-09	6.18841e-09	3.12284e-09	0.457204	0.875	1	0.8	171.65	0.411069	0.588931	1.45092e-08
2.06557e-09	1.51754e-09	7.65928e-17	1.16233e-25	3.77959e-08	1.21471e-08	8.51687e-09	1.23768e-08	9.87527e-09	0.673765	0.571429	0.924803	1.08108	150.508	0.701146	0.298854	3.49538e-08
1.6945e-09	1.40515e-09	3.44668e-17	4.8431e-26	2.39582e-08	9.97525e-09	4.52543e-09	9.97851e-09	6.62454e-09	0.754575	0.777778	0.985449	1.125	9.8443	0.453666	0.546334	2.36096e-08
1.91254e-09	1.56803e-09	1.0723e-16	1.6814e-25	4.51489e-08	1.64748e-08	1.05328e-08	1.68343e-08	1.16846e-08	0.661047	0.770833	0.929041	0.965517	23.6756	0.639331	0.360669	4.19452e-08
1.63722e-09	1.41222e-09	1.91482e-17	2.70414e-26	2.2337e-08	9.93603e-09	2.56199e-09	9.97851e-09	4.93764e-09	0.482267	0.833333	0.984393	1.25	173.979	0.257848	0.742152	2.19884e-08
2.82905e-09	2.31292e-09	1.57015e-16	3.63165e-25	4.95376e-08	1.68339e-08	1.41072e-08	1.68343e-08	1.41392e-08	0.804048	0.78125	0.941699	0.987952	144.85	0.838021	0.161979	4.66495e-08
2.55411e-09	1.96598e-09	1.57015e-16	3.08688e-25	5.66939e-08	1.93723e-08	1.21776e-08	1.95695e-08	1.41392e-08	0.613875	0.597403	0.901139	1.07895	171.859	0.628609	0.371391	5.10891e-08
2.21622e-09	1.57505e-09	1.79993e-16	2.83499e-25	5.39263e-08	2.00127e-08	1.11247e-08	2.0148e-08	1.51385e-08	0.777794	0.625	0.921589	1.10588	144.302	0.555881	0.444119	4.96979e-08
1.65493e-09	1.6071e-09	1.95312e-16	3.13886e-25	6.45216e-08	2.35606e-08	1.08845e-08	2.38073e-08	1.57695e-08	0.589559	0.604396	0.903914	0.971429	5.83816	0.461981	0.538019	5.8322e-08
4.89668e-10	1.81326e-09	2.29779e-16	4.16648e-25	9.8639e-08	2.76638e-08	1.38319e-08	2.78134e-08	1.71045e-08	0.296771	0.479167	0.772706	0.810811	46.6598	0.5	0.5	7.6219e-08
2.01721e-09	1.69011e-09	1.26378e-16	2.13593e-25	5.23051e-08	1.99418e-08	8.96439e-09	1.9957e-08	1.2685e-08	0.580488	0.763636	0.916341	0.985075	170.926	0.449527	0.550473	4.79294e-08
6.74767e-09	4.19909e-09	5.24661e-16	2.2031e-24	9.46865e-08	3.30361e-08	2.18734e-08	3.34403e-08	2.58461e-08	0.735382	0.730392	0.918179	0.985612	168.362	0.662106	0.337894	8.69391e-08
2.87976e-09	2.03187e-09	2.1829e-16	4.43535e-25	6.10826e-08	1.68436e-08	1.56535e-08	1.96671e-08	1.66714e-08	0.735204	0.563636	0.925068	1.03636	132.347	0.929341	0.0706587	5.65055e-08
1.52565e-09	1.40281e-09	4.59557e-17	6.44671e-26	2.83469e-08	8.83617e-09	6.19394e-09	9.78474e-09	7.64935e-09	0.718683	0.64	0.905914	1.04348	117.693	0.700975	0.299025	2.56799e-08
1.22701e-09	1.3837e-09	7.27632e-17	1.00683e-25	3.34072e-08	1.14101e-08	9.74369e-09	1.14109e-08	9.62523e-09	0.819298	0.766667	0.926278	1.11765	31.6197	0.853951	0.146049	3.09443e-08
2.49015e-09	2.00121e-09	1.34037e-16	2.68237e-25	4.40025e-08	1.52567e-08	1.24654e-08	1.57774e-08	1.30638e-08	0.869924	0.75	0.969668	1.04478	135.494	0.817044	0.182956	4.26678e-08
2.48937e-09	1.88909e-09	1.53186e-16	2.89382e-25	4.83912e-08	1.66046e-08	1.24416e-08	1.66052e-08	1.39657e-08	0.822043	0.6875	0.91848	1.06667	134.506	0.749282	0.250718	4.44464e-08
1.39803e-09	1.43508e-09	1.91482e-17	2.74792e-26	1.8898e-08	5.87084e-09	3.91389e-09	6.18841e-09	4.93764e-09	0.673765	0.75	0.914214	1	180	0.666667	0.333333	1.72768e-08
3.96931e-09	2.76075e-09	2.94882e-16	8.14096e-25	6.79607e-08	2.35607e-08	1.58173e-08	2.38073e-08	1.93767e-08	0.802311	0.735043	0.938681	1	178.791	0.671341	0.328659	6.37934e-08
1.52855e-09	1.45581e-09	4.21261e-17	6.13276e-26	2.62509e-08	9.4824e-09	7.67559e-09	9.78474e-09	7.3237e-09	0.768196	0.9	0.98672	1	22.5898	0.809457	0.190543	2.59023e-08
1.95527e-09	2.71542e-09	6.16572e-16	1.67425e-24	1.27422e-07	4.53079e-08	1.8459e-08	4.55174e-08	2.80186e-08	0.477204	0.474432	0.850264	0.889503	149.037	0.407412	0.592588	1.08342e-07
1.60551e-09	1.32958e-09	6.51039e-17	8.65606e-26	3.22608e-08	8.70573e-09	8.70573e-09	1.05385e-08	9.10455e-09	0.786079	0.555556	0.942853	1.17241	57.5574	1	-7.22928e-10	3.04172e-08
1.23962e-09	1.3629e-09	6.51039e-17	8.87302e-26	3.77959e-08	1.14098e-08	7.04254e-09	1.14109e-08	9.10455e-09	0.5727	0.555556	0.795552	1.0625	120.167	0.617238	0.382762	3.00686e-08
1.58712e-09	1.55313e-09	7.27632e-17	1.13011e-25	3.22608e-08	9.72719e-09	8.32973e-09	1.05385e-08	9.62523e-09	0.878559	0.611111	0.942853	1.15152	135.57	0.856335	0.143665	3.04172e-08
2.3429e-09	1.79624e-09	1.26378e-16	2.27006e-25	4.56237e-08	1.48285e-08	1.23513e-08	1.49037e-08	1.2685e-08	0.762959	0.714286	0.913251	0.985075	118.955	0.832939	0.167061	4.16659e-08
2.42712e-09	2.88926e-09	7.35291e-16	2.12445e-24	1.3019e-07	4.44177e-08	2.37873e-08	4.51796e-08	3.05974e-08	0.54515	0.685619	0.880384	0.878719	7.11247	0.535536	0.464464	1.14617e-07
1.36162e-09	1.28309e-09	2.29779e-17	2.94826e-26	2.00443e-08	8.73807e-09	4.36903e-09	8.75173e-09	5.40891e-09	0.718683	0.666667	0.982607	1.2	150.233	0.5	0.5	1.96957e-08
1.31958e-09	1.39307e-09	8.42521e-17	1.17369e-25	4.40025e-08	1.5717e-08	7.92193e-09	1.61374e-08	1.03573e-08	0.546809	0.6	0.92078	0.956522	0.928795	0.504037	0.495963	4.05166e-08
1.90596e-09	1.72163e-09	8.42521e-17	1.45051e-25	3.45535e-08	1.25044e-08	9.7398e-09	1.25306e-08	1.03573e-08	0.88676	0.833333	0.989911	1.02326	137.637	0.778909	0.221091	3.42049e-08
1.74712e-09	1.43473e-09	3.44668e-17	4.94505e-26	2.67257e-08	1.17417e-08	3.91389e-09	1.17417e-08	6.62454e-09	0.606389	0.619048	0.981552	1.28571	180	0.333333	0.666667	2.62327e-08
2.62628e-09	2.06607e-09	1.83823e-16	3.7979e-25	5.23051e-08	1.85412e-08	1.37859e-08	1.85652e-08	1.52987e-08	0.844347	0.6875	0.957248	1.04348	158.647	0.743527	0.256473	5.0069e-08
6.52608e-09	3.43081e-09	6.93165e-16	2.37812e-24	1.32957e-07	3.4808e-08	2.89026e-08	3.52794e-08	2.9708e-08	0.492746	0.592593	0.781434	0.863962	43.067	0.830345	0.169655	1.03897e-07
1.3617e-09	1.51552e-09	2.68075e-17	4.06273e-26	2.51046e-08	5.87084e-09	5.87084e-09	8.30262e-09	5.84229e-09	0.534516	0.875	0.935423	0.777778	90	1	0	2.34834e-08
1.9004e-09	1.51517e-09	4.97853e-17	7.54333e-26	2.94933e-08	1.1902e-08	6.12807e-09	1.19036e-08	7.9617e-09	0.719226	0.571429	0.959643	1.2381	10.4272	0.514879	0.485121	2.8303e-08
4.965e-09	3.24533e-09	3.56157e-16	1.15584e-24	7.28243e-08	2.71292e-08	1.79864e-08	2.73973e-08	2.12949e-08	0.843915	0.653333	0.959339	1.06897	171.979	0.662988	0.337012	6.98632e-08
1.25342e-09	1.26574e-09	1.53186e-17	1.93894e-26	2.00443e-08	7.93522e-09	4.37295e-09	8.0687e-09	4.41636e-09	0.479122	0.6	0.942809	0.8	155.527	0.551081	0.448919	1.8898e-08
1.84532e-09	1.78351e-09	1.26378e-16	2.25397e-25	4.72449e-08	1.5255e-08	1.11452e-08	1.52842e-08	1.2685e-08	0.711496	0.678571	0.88767	1.01538	136.647	0.730592	0.269408	4.19379e-08
2.34433e-09	1.64964e-09	1.68504e-16	2.77972e-25	6.17541e-08	1.71158e-08	1.34248e-08	1.80422e-08	1.46474e-08	0.555251	0.652778	0.806077	1	67.8386	0.784353	0.215647	4.97786e-08
2.42803e-09	1.79209e-09	1.22549e-16	2.19617e-25	4.28562e-08	1.56824e-08	9.89774e-09	1.57774e-08	1.24913e-08	0.838478	0.685185	0.946805	1.06667	179.165	0.631136	0.368864	4.05764e-08
1.30102e-09	1.34699e-09	1.91482e-17	2.57925e-26	1.61304e-08	5.94006e-09	4.3316e-09	6.18841e-09	4.93764e-09	0.924799	0.666667	0.978387	1.25	34.722	0.729217	0.270783	1.57818e-08
1.62233e-09	1.38765e-09	1.91482e-17	2.65711e-26	1.61304e-08	6.15482e-09	3.56412e-09	6.18841e-09	4.93764e-09	0.924799	0.666667	0.978387	1.25	155.593	0.579078	0.420922	1.57818e-08
2.30331e-09	1.87242e-09	9.19114e-17	1.72097e-25	3.84674e-08	1.3984e-08	1.05106e-08	1.41117e-08	1.08178e-08	0.780536	0.761905	0.965304	0.979592	154.027	0.751616	0.248384	3.71328e-08
1.90308e-09	1.55047e-09	5.74446e-17	8.9066e-26	3.11145e-08	9.80184e-09	8.72526e-09	9.97851e-09	8.55224e-09	0.745649	0.633333	0.903078	1.03448	112.108	0.890166	0.109834	2.80988e-08
9.99646e-10	1.91436e-09	5.3232e-16	1.01905e-24	1.42406e-07	4.72863e-08	1.70224e-08	4.73322e-08	2.6034e-08	0.329857	0.453416	0.885839	0.850153	156.429	0.359987	0.640013	1.26149e-07
1.66503e-09	1.26903e-09	1.14889e-17	1.45798e-26	2.11907e-08	9.76976e-09	2.27861e-09	9.78474e-09	3.82468e-09	0.321514	0.75	0.983548	0.857143	3.1701	0.233231	0.766769	2.0842e-08
2.72005e-09	1.84896e-09	1.22549e-16	2.26587e-25	4.00886e-08	1.48089e-08	1.10607e-08	1.49037e-08	1.24913e-08	0.958244	0.791667	0.982607	1.10345	163.267	0.746898	0.253102	3.93914e-08
1.21262e-09	1.58298e-09	2.1829e-16	3.45549e-25	8.4566e-08	3.08094e-08	1.05324e-08	3.09421e-08	1.66714e-08	0.383576	0.4375	1.06088	0.883721	156.257	0.341858	0.658142	8.97144e-08
3.47017e-09	2.35542e-09	2.1063e-16	4.96124e-25	5.45978e-08	1.80216e-08	1.48305e-08	1.80422e-08	1.63763e-08	0.887932	0.8125	0.974459	1.02804	170.207	0.822927	0.177073	5.32034e-08
4.92517e-09	3.10615e-09	4.44238e-16	1.37987e-24	8.29448e-08	3.15116e-08	1.86934e-08	3.15548e-08	2.37828e-08	0.811424	0.747059	0.961444	1.02655	4.12634	0.593222	0.406778	7.97467e-08
2.19097e-09	1.56429e-09	6.51039e-17	1.01841e-25	3.22608e-08	9.68791e-09	8.85556e-09	9.97851e-09	9.10455e-09	0.786079	0.555556	0.918126	1.09677	115.172	0.914084	0.0859161	2.96195e-08
2.05888e-09	1.8071e-09	9.57411e-17	1.73013e-25	4.62952e-08	1.77695e-08	8.25623e-09	1.80422e-08	1.10409e-08	0.561353	0.66	0.970743	1.04167	2.55521	0.464629	0.535371	4.49408e-08
1.28943e-09	1.26527e-09	7.65928e-18	9.69108e-27	1.8898e-08	8.50042e-09	3.81662e-09	8.75173e-09	3.12284e-09	0.269506	0.533333	1.09523	0.4	102.801	0.448991	0.551009	2.06976e-08
1.76546e-09	1.64818e-09	8.80818e-17	1.45175e-25	3.34072e-08	1.20757e-08	8.3784e-09	1.23768e-08	1.05901e-08	0.991782	0.714286	0.985242	1.31429	174.229	0.693823	0.306177	3.29142e-08
1.60793e-09	1.50568e-09	7.27632e-17	1.09558e-25	3.45535e-08	1.18468e-08	8.07348e-09	1.19036e-08	9.62523e-09	0.765838	0.685714	0.944112	1.05556	176.141	0.681492	0.318508	3.26224e-08
2.9796e-09	2.06552e-09	1.72334e-16	3.5596e-25	5.11588e-08	1.60605e-08	1.31e-08	1.76125e-08	1.48129e-08	0.827447	0.6375	0.954579	1.02273	149.716	0.815663	0.184337	4.88351e-08
1.90309e-09	1.48283e-09	3.82964e-17	5.67869e-26	2.55794e-08	9.76912e-09	5.97198e-09	9.78474e-09	6.98287e-09	0.735509	0.5	0.941556	1.33333	3.23698	0.611311	0.388689	2.40844e-08
3.45303e-09	2.41017e-09	1.91482e-16	4.61504e-25	5.34515e-08	1.85642e-08	1.42903e-08	1.85652e-08	1.56142e-08	0.842206	0.75	0.963253	0.990099	160.971	0.769778	0.230222	5.14873e-08
1.72765e-09	1.42602e-09	3.44668e-17	4.91503e-26	2.83469e-08	8.6228e-09	5.88629e-09	8.75173e-09	6.62454e-09	0.539012	0.65	0.804738	1	36.412	0.682642	0.317358	2.28118e-08
1.91539e-09	1.59737e-09	2.68075e-17	4.28215e-26	1.8898e-08	7.75742e-09	4.14051e-09	7.82779e-09	5.84229e-09	0.943271	0.666667	0.981552	1.27273	7.68813	0.533749	0.466251	1.85493e-08
2.73615e-09	2.01244e-09	1.72334e-16	3.46812e-25	4.83912e-08	1.48952e-08	1.24021e-08	1.61374e-08	1.48129e-08	0.924799	0.666667	0.957377	1.11111	154.871	0.832625	0.167375	4.63287e-08
2.44682e-09	1.70983e-09	1.49356e-16	2.55373e-25	4.83912e-08	1.95572e-08	9.91716e-09	1.95695e-08	1.37901e-08	0.801492	0.651515	0.959186	1.11429	2.02876	0.507085	0.492915	4.64162e-08
2.72082e-09	1.9296e-09	1.87652e-16	3.62094e-25	5.39263e-08	1.91079e-08	1.30793e-08	1.92737e-08	1.54572e-08	0.810891	0.6875	0.929285	1.05376	148.516	0.684496	0.315504	5.01129e-08
3.71413e-09	2.654e-09	2.64245e-16	7.01307e-25	6.17541e-08	2.22804e-08	1.6092e-08	2.23126e-08	1.83425e-08	0.870734	0.685185	0.948533	1.06977	161.666	0.72225	0.27775	5.85758e-08
1.53083e-09	1.49584e-09	3.82964e-17	5.72852e-26	2.62509e-08	1.01292e-08	4.68233e-09	1.05385e-08	6.98287e-09	0.69836	0.888889	0.98672	1.11111	174.22	0.462263	0.537737	2.59023e-08
2.02157e-09	1.59741e-09	1.53186e-16	2.44701e-25	5.34515e-08	1.79067e-08	1.25043e-08	1.80422e-08	1.39657e-08	0.673765	0.625	0.89905	0.963855	42.3734	0.698301	0.301699	4.80556e-08
1.34947e-09	1.40708e-09	4.59557e-17	6.46633e-26	2.94933e-08	9.75541e-09	8.28538e-09	9.97851e-09	7.64935e-09	0.663901	0.5	0.945223	1.04348	138.693	0.849312	0.150688	2.78777e-08
1.60334e-09	1.48817e-09	4.59557e-17	6.83901e-26	2.94933e-08	9.79398e-09	5.88474e-09	1.05385e-08	7.64935e-09	0.663901	0.791667	0.933212	0.923077	179.864	0.600852	0.399148	2.75235e-08
2.03085e-09	1.54757e-09	3.44668e-17	5.33397e-26	2.83469e-08	9.68969e-09	6.92881e-09	9.78474e-09	6.62454e-09	0.539012	0.64	0.930511	0.857143	134.862	0.71507	0.28493	2.63771e-08
2.56629e-09	2.0463e-09	1.57015e-16	3.213e-25	4.95376e-08	1.52783e-08	1.38363e-08	1.67202e-08	1.41392e-08	0.804048	0.652778	0.938756	1.03797	134.195	0.90562	0.0943796	4.65037e-08
3.43455e-09	2.32258e-09	3.75305e-16	8.71676e-25	8.17984e-08	2.79654e-08	1.9071e-08	2.80192e-08	2.18599e-08	0.704862	0.7	0.8961	1.01554	15.6451	0.681948	0.318052	7.32996e-08
2.11977e-09	1.76953e-09	7.27632e-17	1.28757e-25	3.50284e-08	1.31261e-08	7.90196e-09	1.31276e-08	9.62523e-09	0.745216	0.685714	0.92386	1.05556	154.295	0.602002	0.397998	3.23613e-08
1.56559e-09	1.7941e-09	3.52327e-16	6.32112e-25	9.12474e-08	2.94194e-08	1.5102e-08	2.99355e-08	2.11801e-08	0.531759	0.666667	0.839973	0.924623	3.80231	0.513336	0.486664	7.66454e-08
3.26483e-09	2.18715e-09	1.99141e-16	4.35553e-25	5.34515e-08	1.66359e-08	1.48817e-08	1.80422e-08	1.59234e-08	0.875895	0.7375	0.964687	1.04	153.373	0.894557	0.105443	5.1564e-08
1.80741e-09	1.5592e-09	5.3615e-17	8.35965e-26	2.67257e-08	9.74412e-09	7.12054e-09	9.78474e-09	8.26225e-09	0.943271	0.76	0.986956	1.12	132.092	0.730752	0.269248	2.63771e-08
1.28242e-09	1.2558e-09	2.29779e-17	2.88557e-26	2.16655e-08	8.06851e-09	3.79046e-09	8.0687e-09	5.40891e-09	0.615152	0.6	1.08973	1.5	104.428	0.469784	0.530216	2.36096e-08
2.0339e-09	1.62819e-09	7.65928e-17	1.24708e-25	3.29323e-08	9.78474e-09	7.82779e-09	1.14109e-08	9.87527e-09	0.887468	0.933333	1	1.05263	90	0.8	0.2	3.29323e-08
1.30994e-09	2.11517e-09	3.44668e-16	7.29031e-25	1.21652e-07	3.55465e-08	1.28545e-08	3.57109e-08	2.09486e-08	0.292667	0.631579	1.19878	1.04046	3.9623	0.361626	0.638374	1.45833e-07
5.60746e-09	3.44476e-09	3.33179e-16	1.14772e-24	7.12031e-08	2.37206e-08	1.78685e-08	2.42061e-08	2.05965e-08	0.825828	0.730769	0.932164	1.03571	175.428	0.753288	0.246712	6.6373e-08
1.14844e-08	5.81161e-09	1.11443e-15	6.47661e-24	1.92356e-07	4.51401e-08	4.08811e-08	4.61856e-08	3.76687e-08	0.378487	0.563327	0.808594	0.873874	24.1699	0.905651	0.0943493	1.55538e-07
2.03285e-09	1.63048e-09	5.74446e-17	9.36622e-26	2.90184e-08	1.0043e-08	5.99741e-09	1.05385e-08	8.55224e-09	0.857257	0.791667	0.980368	1.2	175.837	0.597171	0.402829	2.84488e-08
1.45354e-09	1.37614e-09	9.19114e-17	1.26483e-25	4.56237e-08	1.68041e-08	9.48734e-09	1.68343e-08	1.08178e-08	0.554879	0.4375	0.920344	0.941176	128.968	0.564583	0.435417	4.19895e-08
5.5073e-09	3.22387e-09	4.51898e-16	1.45686e-24	8.57123e-08	3.10523e-08	1.95061e-08	3.18568e-08	2.3987e-08	0.772972	0.652406	0.931742	1.03965	175.386	0.628168	0.371832	7.98618e-08
2.10042e-09	1.68406e-09	4.97853e-17	8.38416e-26	2.67257e-08	9.74412e-09	7.12054e-09	9.78474e-09	7.9617e-09	0.875895	0.76	0.986956	1.04	132.092	0.730752	0.269248	2.63771e-08
1.39305e-09	1.32446e-09	2.29779e-17	3.04332e-26	1.8898e-08	6.18817e-09	5.55307e-09	6.18841e-09	5.40891e-09	0.808518	0.5625	0.944657	1.09091	108.937	0.897369	0.102631	1.78521e-08
5.2533e-09	3.09034e-09	4.63387e-16	1.43202e-24	8.61871e-08	2.70257e-08	2.21636e-08	2.72571e-08	2.429e-08	0.783914	0.71978	0.918073	1.01255	151.491	0.820091	0.179909	7.91261e-08
4.14363e-09	2.44319e-09	2.79564e-16	6.83029e-25	6.40468e-08	2.17624e-08	1.55786e-08	2.18793e-08	1.88667e-08	0.856438	0.731481	0.941744	1.05797	163.769	0.715848	0.284152	6.03157e-08
2.0311e-09	1.60841e-09	6.89336e-17	1.10873e-25	3.34072e-08	1.20488e-08	8.71722e-09	1.23768e-08	9.36851e-09	0.776177	0.657143	0.95263	1.05882	148.345	0.723492	0.276508	3.18247e-08
1.82112e-09	1.55213e-09	3.44668e-17	5.34971e-26	2.16655e-08	8.05957e-09	6.14062e-09	8.0687e-09	6.62454e-09	0.922727	0.65	0.983909	1.125	11.3099	0.761905	0.238095	2.13169e-08
1.39155e-09	1.54901e-09	3.44668e-17	5.33895e-26	2.94933e-08	9.9308e-09	6.18623e-09	9.97851e-09	6.62454e-09	0.497925	0.583333	0.870703	0.947368	16.9152	0.622934	0.377066	2.56799e-08
1.59937e-09	1.43053e-09	4.21261e-17	6.02628e-26	2.55794e-08	7.16344e-09	7.16344e-09	8.0687e-09	7.3237e-09	0.809059	0.56	0.96932	1.22222	41.4375	1	2.49044e-09	2.47946e-08
1.36037e-09	1.53633e-09	7.65928e-18	1.17672e-26	1.45092e-08	6.09279e-09	2.50455e-09	6.18841e-09	3.12284e-09	0.457204	0.875	1	0.8	171.65	0.411069	0.588931	1.45092e-08
3.28823e-09	2.16632e-09	1.30208e-16	2.82072e-25	4.28562e-08	1.47804e-08	1.24059e-08	1.49037e-08	1.28758e-08	0.890883	0.75	0.976992	1.01493	149.429	0.839347	0.160653	4.18701e-08
4.69012e-09	2.86275e-09	2.22119e-16	6.35873e-25	5.50727e-08	1.9662e-08	1.4313e-08	1.96671e-08	1.6817e-08	0.920288	0.75	0.974679	1.05455	172.987	0.727951	0.272049	5.36782e-08
2.38773e-09	1.79886e-09	9.95707e-17	1.79114e-25	3.61747e-08	1.189e-08	9.71764e-09	1.23768e-08	1.12595e-08	0.956161	0.714286	0.967097	1.13043	173.286	0.817298	0.182702	3.49845e-08
2.44242e-09	1.83104e-09	8.80818e-17	1.61281e-25	3.61747e-08	1.12391e-08	9.13422e-09	1.23768e-08	1.05901e-08	0.845835	0.642857	0.95534	1.09524	158.99	0.812718	0.187282	3.45592e-08
3.39359e-09	2.14194e-09	1.76164e-16	3.77331e-25	4.72449e-08	1.63067e-08	1.30363e-08	1.67202e-08	1.49766e-08	0.991782	0.722222	0.985242	1.09524	146.675	0.799448	0.200552	4.65476e-08
2.43197e-09	1.59746e-09	1.14889e-17	1.83531e-26	1.84231e-08	7.96253e-09	2.43451e-09	8.0687e-09	3.82468e-09	0.425366	0.9	1	0.857143	175.269	0.305746	0.694254	1.84231e-08
5.92386e-09	3.52456e-09	4.36579e-16	1.53875e-24	8.61871e-08	3.21929e-08	1.8599e-08	3.22748e-08	2.35769e-08	0.738564	0.657754	0.934588	1	161.881	0.577738	0.422262	8.05495e-08
2.44605e-09	1.88109e-09	1.14889e-16	2.16117e-25	4.56237e-08	1.57074e-08	1.08251e-08	1.57774e-08	1.20947e-08	0.693599	0.685185	0.901134	1	167.474	0.689175	0.310825	4.1113e-08
2.19429e-09	1.62496e-09	4.59557e-17	7.46761e-26	2.67257e-08	1.05321e-08	5.67136e-09	1.05385e-08	7.64935e-09	0.808518	0.708333	0.981552	1.09091	160.198	0.538485	0.461515	2.62327e-08
1.79205e-09	1.45433e-09	3.82964e-17	5.56958e-26	2.78721e-08	9.93606e-09	6.04377e-09	9.97851e-09	6.98287e-09	0.619482	0.708333	0.969803	0.909091	173.977	0.608266	0.391734	2.70304e-08
1.60976e-09	1.50507e-09	1.91482e-17	2.88194e-26	1.61304e-08	6.06596e-09	4.12368e-09	6.18841e-09	4.93764e-09	0.924799	0.666667	0.978387	1.25	172.982	0.679806	0.320194	1.57818e-08
1.35436e-09	1.3803e-09	5.3615e-17	7.40049e-26	2.99553e-08	1.13522e-08	6.26994e-09	1.14109e-08	8.26225e-09	0.750845	0.566667	0.923033	1.16667	126.776	0.552311	0.447689	2.76497e-08
1.32136e-09	1.53214e-09	7.65928e-18	1.17351e-26	2.11907e-08	9.96677e-09	1.89808e-09	9.97851e-09	3.12284e-09	0.214343	0.583333	0.960282	0.8	165.911	0.190441	0.809559	2.0349e-08
2.60955e-09	2.01537e-09	1.0723e-16	2.16108e-25	4.1235e-08	1.41111e-08	1.02356e-08	1.42468e-08	1.16846e-08	0.792492	0.75	0.953168	0.982456	171.968	0.725358	0.274642	3.93038e-08
1.66425e-09	1.5342e-09	4.59557e-17	7.05053e-26	2.83469e-08	9.55417e-09	6.15482e-09	9.78474e-09	7.64935e-09	0.718683	0.466667	0.93753	1.14286	155.593	0.644203	0.355797	2.65761e-08
4.5267e-09	2.86427e-09	7.5061e-16	2.14995e-24	1.60107e-07	3.5836e-08	3.05415e-08	3.65588e-08	3.09145e-08	0.36796	0.680921	0.806629	0.937799	85.8884	0.852258	0.147742	1.29147e-07
1.6617e-09	1.47173e-09	3.06371e-17	4.50897e-26	2.28118e-08	9.74682e-09	4.24295e-09	9.78474e-09	6.24567e-09	0.739839	0.722222	0.984718	1.06667	5.04553	0.435316	0.564684	2.24632e-08
1.30764e-09	1.23266e-09	3.44668e-17	4.2486e-26	2.28118e-08	7.14576e-09	5.68483e-09	8.0687e-09	6.62454e-09	0.832319	0.6	0.934465	1.125	138.291	0.795553	0.204447	2.13169e-08
4.98453e-09	3.17614e-09	3.2552e-16	1.0339e-24	6.95819e-08	2.47393e-08	1.91099e-08	2.47536e-08	2.03584e-08	0.844879	0.746154	0.968681	1.0119	163.513	0.772449	0.227551	6.74026e-08
3.94539e-09	2.53203e-09	2.52756e-16	6.39987e-25	5.89866e-08	1.92654e-08	1.67868e-08	1.9957e-08	1.79393e-08	0.912863	0.727273	0.967196	1.056	169.887	0.871345	0.128655	5.70515e-08
2.65164e-09	1.89984e-09	1.30208e-16	2.47375e-25	4.56237e-08	1.37939e-08	1.23046e-08	1.41117e-08	1.28758e-08	0.786079	0.696429	0.893492	1.04615	139.558	0.892028	0.107972	4.07644e-08
1.4997e-09	1.33535e-09	3.06371e-17	4.09113e-26	2.60542e-08	9.72089e-09	5.06777e-09	9.78474e-09	6.24567e-09	0.567155	0.6	0.875553	1	120.321	0.521327	0.478673	2.28118e-08
1.74665e-09	1.52902e-09	8.04225e-17	1.22967e-25	3.89423e-08	1.25104e-08	9.66625e-09	1.31276e-08	1.01191e-08	0.666415	0.571429	0.893123	1	44.2044	0.772658	0.227342	3.47802e-08
1.28786e-09	1.296e-09	1.14889e-17	1.48896e-26	1.61304e-08	5.42204e-09	4.34476e-09	5.53508e-09	3.82468e-09	0.554879	0.777778	0.899495	0.857143	123.401	0.801314	0.198686	1.45092e-08
2.08191e-09	1.7623e-09	9.57411e-17	1.68724e-25	4.28562e-08	1.44751e-08	9.97311e-09	1.49037e-08	1.10409e-08	0.655061	0.625	0.924474	1.06383	9.42506	0.688984	0.311016	3.96194e-08
2.40073e-09	1.7424e-09	1.14889e-16	2.00183e-25	4.56237e-08	1.62854e-08	8.68971e-09	1.67202e-08	1.20947e-08	0.693599	0.507937	0.922024	1.11111	146.349	0.53359	0.46641	4.20661e-08
1.64792e-09	1.46365e-09	1.53186e-17	2.24211e-26	1.49841e-08	5.76491e-09	3.84327e-09	5.87084e-09	4.41636e-09	0.857372	0.583333	0.976734	1.14286	10.9007	0.666667	0.333333	1.46354e-08
2.45337e-09	1.90829e-09	9.95707e-17	1.9001e-25	3.89423e-08	1.42301e-08	9.97326e-09	1.42468e-08	1.12595e-08	0.825086	0.6875	0.964191	1.01961	166.832	0.700859	0.299141	3.75478e-08
2.27562e-09	1.72265e-09	9.57411e-17	1.64928e-25	3.73211e-08	1.39124e-08	8.1722e-09	1.42468e-08	1.10409e-08	0.863773	0.75	0.968107	1.11111	176.494	0.587406	0.412594	3.61308e-08
2.1309e-09	1.75477e-09	7.65928e-17	1.34403e-25	3.22608e-08	1.16976e-08	8.69672e-09	1.19036e-08	9.87527e-09	0.924799	0.742857	0.989194	1.08108	159.863	0.74346	0.25654	3.19122e-08
1.83891e-09	1.61234e-09	9.57411e-17	1.54367e-25	4.05634e-08	1.37073e-08	9.19819e-09	1.41117e-08	1.10409e-08	0.731204	0.714286	0.902878	1.02041	109.939	0.671044	0.328956	3.66238e-08
1.43177e-09	1.4506e-09	3.44668e-17	4.99976e-26	2.16655e-08	8.02587e-09	6.08859e-09	8.0687e-09	6.62454e-09	0.922727	0.55	0.951727	1.28571	171.87	0.758621	0.241379	2.06196e-08
2.41072e-09	1.86715e-09	9.95707e-17	1.85913e-25	3.89423e-08	1.40542e-08	1.01656e-08	1.42468e-08	1.12595e-08	0.825086	0.666667	0.960483	1.04	6.5146	0.723313	0.276687	3.74034e-08
2.39356e-09	1.76436e-09	1.0723e-16	1.89193e-25	4.05634e-08	1.25306e-08	9.78047e-09	1.31276e-08	1.16846e-08	0.818948	0.632653	0.902429	1.12	141.438	0.780529	0.219471	3.66056e-08
2.13394e-09	1.67774e-09	8.80818e-17	1.47779e-25	3.56999e-08	1.21855e-08	8.59718e-09	1.25306e-08	1.05901e-08	0.868485	0.857143	0.980469	1.06977	171.652	0.705526	0.294474	3.50026e-08
1.52e-09	1.31499e-09	6.89336e-17	9.06467e-26	3.11145e-08	1.22889e-08	7.07874e-09	1.23768e-08	9.36851e-09	0.894779	0.628571	0.977591	1.16129	154.73	0.576029	0.423971	3.04172e-08
1.53444e-09	1.45318e-09	4.59557e-17	6.67817e-26	2.55794e-08	7.96023e-09	7.02681e-09	8.75173e-09	7.64935e-09	0.88261	0.68	0.972742	1.04348	61.5119	0.88274	0.11726	2.48821e-08
3.93834e-09	2.52167e-09	2.52756e-16	6.37369e-25	5.89866e-08	1.99569e-08	1.61222e-08	1.9957e-08	1.79393e-08	0.912863	0.717172	0.952993	1.07317	168.453	0.807852	0.192148	5.62138e-08
2.01998e-09	1.62317e-09	4.59557e-17	7.4594e-26	2.55794e-08	9.87504e-09	6.84263e-09	9.97851e-09	7.64935e-09	0.88261	0.708333	0.986371	1.09091	160.432	0.692922	0.307078	2.52308e-08
1.25696e-09	1.59754e-09	9.19114e-17	1.46832e-25	4.677e-08	1.84596e-08	7.63615e-09	1.84618e-08	1.08178e-08	0.528012	0.444444	1.1009	1.02128	147.118	0.413667	0.586333	5.14893e-08
1.78919e-09	1.49384e-09	3.82964e-17	5.72088e-26	2.28118e-08	7.98717e-09	6.24115e-09	8.0687e-09	6.98287e-09	0.924799	0.75	1	1.11111	5.88414	0.781397	0.218603	2.28118e-08
1.91085e-09	1.59359e-09	3.44668e-17	5.4926e-26	2.39582e-08	9.92572e-09	4.45033e-09	9.97851e-09	6.62454e-09	0.754575	0.833333	1	1.05882	174.586	0.448364	0.551636	2.39582e-08
3.24679e-09	1.91222e-09	1.91482e-16	3.66156e-25	5.23051e-08	1.92425e-08	1.41977e-08	1.92737e-08	1.56142e-08	0.879528	0.7	0.959479	1.05263	110.702	0.737831	0.262169	5.01857e-08
2.73994e-09	1.76027e-09	1.034e-16	1.82013e-25	4.28562e-08	1.23122e-08	1.20986e-08	1.31276e-08	1.1474e-08	0.707466	0.693878	0.905606	0.947368	173.736	0.982657	0.0173435	3.88108e-08
1.79388e-09	1.55722e-09	5.74446e-17	8.94539e-26	3.22608e-08	9.97049e-09	9.97049e-09	9.97851e-09	8.55224e-09	0.693599	0.555556	0.95366	1	103.608	1	-3.90694e-10	3.07659e-08
6.03927e-09	3.25675e-09	5.13172e-16	1.67127e-24	1.00025e-07	3.33004e-08	2.17516e-08	3.36686e-08	2.55615e-08	0.644551	0.554688	0.906613	0.953737	137.534	0.653195	0.346805	9.06838e-08
1.17573e-09	1.32793e-09	1.53186e-17	2.0342e-26	1.45092e-08	5.35812e-09	3.67148e-09	5.53508e-09	4.41636e-09	0.914407	0.777778	0.975972	1.33333	120.473	0.685218	0.314782	1.41606e-08
2.26855e-09	1.67312e-09	1.0723e-16	1.79409e-25	4.40025e-08	1.38039e-08	1.25202e-08	1.38377e-08	1.16846e-08	0.695939	0.809524	0.889057	1.0566	139.006	0.907003	0.0929967	3.91208e-08
4.04646e-09	2.89299e-09	3.2169e-16	9.30645e-25	7.00567e-08	2.60647e-08	1.61245e-08	2.61089e-08	2.02383e-08	0.823659	0.65	0.959214	1.03704	163.672	0.618632	0.381368	6.71994e-08
2.90138e-09	2.06659e-09	2.22119e-16	4.59029e-25	6.5668e-08	1.87032e-08	1.6057e-08	1.95695e-08	1.6817e-08	0.647274	0.63	0.913432	1.07407	70.2421	0.858518	0.141482	5.99833e-08
1.77699e-09	1.42791e-09	4.21261e-17	6.01521e-26	2.4433e-08	6.91885e-09	6.91885e-09	8.0687e-09	7.3237e-09	0.88676	0.6	0.971463	1.1	135	1	2.2693e-08	2.37358e-08
2.21518e-09	1.60231e-09	8.80818e-17	1.41134e-25	3.61747e-08	1.06132e-08	1.06132e-08	1.19036e-08	1.05901e-08	0.845835	0.642857	0.951349	1.06977	151.52	1	-1.30317e-08	3.44148e-08
1.66595e-09	1.67315e-09	4.97853e-17	8.32983e-26	2.78721e-08	1.00667e-08	6.32214e-09	1.05385e-08	7.9617e-09	0.805327	0.75	0.974984	1.13043	4.59331	0.628022	0.371978	2.71749e-08
1.33556e-09	1.40877e-09	4.59557e-17	6.4741e-26	2.51046e-08	9.77579e-09	7.0553e-09	9.78474e-09	7.64935e-09	0.916314	0.8	0.986113	1.26316	145.581	0.721712	0.278288	2.47559e-08
1.86202e-09	1.57437e-09	7.65928e-17	1.20586e-25	3.3882e-08	1.01142e-08	9.78242e-09	1.05385e-08	9.87527e-09	0.838416	0.666667	0.927311	1.08108	51.8845	0.967201	0.0327995	3.14192e-08
1.26407e-09	1.48071e-09	4.21261e-17	6.23764e-26	2.67257e-08	7.94378e-09	6.04757e-09	8.75173e-09	7.3237e-09	0.741142	0.75	0.913251	1.1	178.248	0.761296	0.238704	2.44073e-08
2.01165e-09	1.69272e-09	1.18719e-16	2.00958e-25	3.89423e-08	1.25287e-08	1.1333e-08	1.25306e-08	1.22946e-08	0.983756	0.693878	0.964191	1.16981	127.662	0.904563	0.0954366	3.75478e-08
1.56151e-09	1.61768e-09	5.74446e-17	9.29273e-26	3.1786e-08	1.08997e-08	9.29532e-09	1.10702e-08	8.55224e-09	0.714476	0.88	0.938029	1	124.932	0.852806	0.147194	2.98162e-08
1.25894e-09	1.30525e-09	3.44668e-17	4.49878e-26	3.06396e-08	9.69537e-09	7.98578e-09	9.78474e-09	6.62454e-09	0.461364	0.625	0.879348	0.857143	150.88	0.823669	0.176331	2.69429e-08
1.36434e-09	1.65472e-09	8.42521e-17	1.39413e-25	4.40025e-08	1.47476e-08	1.04621e-08	1.49037e-08	1.03573e-08	0.546809	0.645833	0.926059	0.88	14.9008	0.709411	0.290589	4.07489e-08
2.30621e-09	2.05645e-09	1.22549e-16	2.52015e-25	4.56237e-08	1.576e-08	1.02092e-08	1.57774e-08	1.24913e-08	0.739839	0.703704	0.916416	1.06667	175.567	0.647794	0.352206	4.18103e-08
3.52671e-09	2.58143e-09	4.97853e-16	1.28517e-24	8.61871e-08	2.82194e-08	2.30554e-08	2.84936e-08	2.51771e-08	0.842222	0.692308	0.934787	1.03586	23.9	0.817006	0.182994	8.05667e-08
1.17711e-09	1.37917e-09	1.91482e-17	2.64087e-26	2.28118e-08	5.87084e-09	3.91389e-09	7.05587e-09	4.93764e-09	0.462399	0.833333	0.857864	0.833333	180	0.666667	0.333333	1.95695e-08
3.20143e-09	2.10557e-09	1.60845e-16	3.3867e-25	4.677e-08	1.64737e-08	1.22644e-08	1.67202e-08	1.43106e-08	0.924021	0.761905	0.972679	1.07692	169.293	0.744483	0.255517	4.54922e-08
2.49439e-09	1.84158e-09	1.95312e-16	3.59683e-25	5.39263e-08	1.67986e-08	1.39306e-08	1.80422e-08	1.57695e-08	0.843989	0.622222	0.952883	1.04082	42.8802	0.829271	0.170729	5.13855e-08
4.48708e-09	2.68592e-09	2.83394e-16	7.61171e-25	6.33753e-08	2.01477e-08	1.76964e-08	2.16152e-08	1.89955e-08	0.886665	0.666667	0.960112	1.06475	150.633	0.878336	0.121664	6.08474e-08
2.86409e-09	2.133e-09	3.79135e-16	8.08693e-25	1.06903e-07	3.08794e-08	1.98274e-08	3.15548e-08	2.19711e-08	0.416892	0.457014	0.819159	0.891892	148.952	0.642093	0.357907	8.75705e-08
1.53022e-09	1.41855e-09	1.14889e-17	1.62976e-26	1.45092e-08	6.09279e-09	2.50455e-09	6.18841e-09	3.82468e-09	0.685805	0.875	1	1.2	171.65	0.411069	0.588931	1.45092e-08
5.70512e-09	3.57428e-09	5.17002e-16	1.84791e-24	9.40149e-08	2.98407e-08	2.39495e-08	2.98715e-08	2.56567e-08	0.735035	0.74359	0.881982	1.00372	145.789	0.802579	0.197421	8.29194e-08
2.46971e-09	1.75318e-09	1.18719e-16	2.08136e-25	4.56237e-08	1.35178e-08	1.16845e-08	1.42468e-08	1.22946e-08	0.716719	0.625	0.887453	1.01639	159.526	0.864377	0.135623	4.04889e-08
1.14657e-09	1.3395e-09	1.14889e-17	1.53894e-26	1.8898e-08	3.91389e-09	3.91389e-09	5.53508e-09	3.82468e-09	0.404259	0.777778	0.974874	0.857143	90	1	-2.22045e-16	1.84231e-08
1.21994e-09	1.45067e-09	5.3615e-17	7.77776e-26	3.06396e-08	9.76447e-09	8.73663e-09	9.97851e-09	8.26225e-09	0.717677	0.7	0.951208	0.933333	23.1986	0.894737	0.105263	2.91447e-08
1.55467e-09	1.47947e-09	2.68075e-17	3.96609e-26	2.00443e-08	7.04501e-09	5.47945e-09	7.05587e-09	5.84229e-09	0.838463	0.6875	0.982607	1.16667	53.1301	0.777778	0.222222	1.96957e-08
1.71803e-09	1.5704e-09	1.53186e-17	2.40563e-26	1.84231e-08	8.03343e-09	2.52502e-09	8.0687e-09	4.41636e-09	0.567155	0.8	0.981077	1.33333	8.67701	0.314314	0.685686	1.80745e-08
1.63095e-09	1.40848e-09	3.06371e-17	4.31519e-26	2.00443e-08	6.57383e-09	5.93131e-09	7.05587e-09	6.24567e-09	0.958244	0.6875	0.982607	1.33333	144.992	0.902261	0.0977388	1.96957e-08
1.73929e-09	1.44892e-09	2.29779e-17	3.3293e-26	2.28118e-08	9.96537e-09	4.27519e-09	9.97851e-09	5.40891e-09	0.554879	0.666667	0.984718	0.923077	165.749	0.429004	0.570996	2.24632e-08
1.69479e-09	1.22271e-09	7.65928e-18	9.36511e-27	1.84231e-08	8.03343e-09	2.52502e-09	8.0687e-09	3.12284e-09	0.283578	0.8	0.981077	0.666667	171.323	0.314314	0.685686	1.80745e-08
2.11441e-09	1.79259e-09	8.80818e-17	1.57894e-25	3.34072e-08	1.22419e-08	8.7259e-09	1.23768e-08	1.05901e-08	0.991782	0.828571	1	1.12195	170.031	0.712787	0.287213	3.34072e-08
1.60177e-09	1.49351e-09	3.44668e-17	5.14765e-26	2.28118e-08	9.74682e-09	4.24295e-09	9.78474e-09	6.62454e-09	0.832319	0.722222	0.984718	1.2	174.954	0.435316	0.564684	2.24632e-08
1.55541e-09	1.53316e-09	3.06371e-17	4.69715e-26	2.00443e-08	6.91885e-09	5.53508e-09	7.05587e-09	6.24567e-09	0.958244	0.8125	1	1.06667	135	0.8	0.2	2.00443e-08
2.53409e-09	1.92805e-09	1.64675e-16	3.17501e-25	4.677e-08	1.56329e-08	1.23531e-08	1.57774e-08	1.448e-08	0.946021	0.746032	0.96273	1.13158	165.114	0.790198	0.209802	4.50269e-08
2.81996e-09	1.96612e-09	1.41697e-16	2.78593e-25	4.79164e-08	1.56975e-08	1.22244e-08	1.66052e-08	1.34318e-08	0.775535	0.714286	0.945208	0.986667	154.032	0.778746	0.221254	4.5291e-08
1.87339e-09	1.47973e-09	5.74446e-17	8.50024e-26	3.22608e-08	1.05311e-08	7.37173e-09	1.05385e-08	8.55224e-09	0.693599	0.633333	0.892601	1.11111	109.654	0.699997	0.300003	2.8796e-08
2.67382e-09	1.96574e-09	1.64675e-16	3.23708e-25	4.90628e-08	1.66052e-08	1.38377e-08	1.68343e-08	1.448e-08	0.859672	0.828125	0.962424	1	135	0.833333	0.166667	4.72192e-08
3.15346e-09	2.2073e-09	1.95312e-16	4.31112e-25	5.73654e-08	1.99561e-08	1.45532e-08	1.9957e-08	1.57695e-08	0.745828	0.670455	0.927895	0.990291	169.252	0.729261	0.270739	5.32291e-08
2.41453e-09	2.09212e-09	3.06371e-16	6.40967e-25	7.07282e-08	2.60219e-08	1.63401e-08	2.61089e-08	1.97505e-08	0.769613	0.690476	0.948171	1.01266	8.31578	0.627935	0.372065	6.70625e-08
2.6019e-09	1.9197e-09	1.26378e-16	2.42608e-25	4.677e-08	1.6803e-08	1.30677e-08	1.68343e-08	1.2685e-08	0.726016	0.75	0.936144	0.956522	147.958	0.7777	0.2223	4.37835e-08
1.25713e-09	1.38782e-09	6.12743e-17	8.50375e-26	3.22608e-08	1.22287e-08	6.17113e-09	1.23768e-08	8.83271e-09	0.739839	0.514286	0.921241	1.18519	152.691	0.504645	0.495355	2.972e-08
2.06661e-09	1.68729e-09	1.0723e-16	1.80928e-25	4.05634e-08	1.18133e-08	1.18133e-08	1.25306e-08	1.16846e-08	0.818948	0.653061	0.926374	1.0566	87.6016	1	-3.41701e-10	3.75769e-08
1.90198e-09	1.54506e-09	6.51039e-17	1.00589e-25	2.94933e-08	1.03617e-08	7.67629e-09	1.05385e-08	9.10455e-09	0.940526	0.666667	0.966567	1.17241	168.709	0.740837	0.259163	2.85072e-08
4.3309e-09	2.82391e-09	3.29349e-16	9.30051e-25	7.5117e-08	2.22179e-08	2.07013e-08	2.28217e-08	2.04778e-08	0.733483	0.727273	0.926417	1	136.843	0.93174	0.0682598	6.95896e-08
2.65311e-09	2.75441e-09	6.51039e-16	1.79323e-24	1.36871e-07	4.47044e-08	2.38843e-08	4.4711e-08	2.87911e-08	0.43671	0.530435	0.808875	0.833333	22.2131	0.534272	0.465728	1.10712e-07
2.13836e-09	1.55481e-09	1.41697e-16	2.20311e-25	5.50727e-08	1.92735e-08	1.2325e-08	1.92737e-08	1.34318e-08	0.58708	0.585714	0.87016	0.973684	113.68	0.63948	0.36052	4.7922e-08
1.28197e-09	1.46192e-09	4.97853e-17	7.2782e-26	4.05634e-08	1.05115e-08	7.88364e-09	1.10702e-08	7.9617e-09	0.380226	0.6	0.766423	0.896552	116.72	0.75	0.25	3.10887e-08
3.5095e-09	2.22056e-09	2.06801e-16	4.59214e-25	5.278e-08	1.62208e-08	1.57209e-08	1.76125e-08	1.62267e-08	0.932875	0.633333	0.961847	1.10204	145.406	0.969182	0.0308181	5.07662e-08
1.49467e-09	1.2305e-09	7.65928e-18	9.42479e-27	1.45092e-08	6.09279e-09	2.50455e-09	6.18841e-09	3.12284e-09	0.457204	0.875	1	0.8	171.65	0.411069	0.588931	1.45092e-08
1.2377e-09	1.29012e-09	2.29779e-17	2.96442e-26	1.72768e-08	6.07865e-09	4.39877e-09	6.18841e-09	5.40891e-09	0.967374	0.75	0.979821	1.33333	172.372	0.723642	0.276358	1.69281e-08
2.24644e-09	1.87303e-09	1.49356e-16	2.79748e-25	4.40025e-08	1.52454e-08	1.25141e-08	1.52842e-08	1.37901e-08	0.969344	0.785714	0.976232	1.13043	144.282	0.820844	0.179156	4.29566e-08
6.41128e-09	3.79819e-09	6.77847e-16	2.57459e-24	1.14534e-07	3.26261e-08	2.54392e-08	3.52794e-08	2.93779e-08	0.64934	0.631944	0.879202	0.938992	156.84	0.779718	0.220282	1.00699e-07
1.58939e-09	1.38852e-09	2.29779e-17	3.19052e-26	2.00443e-08	6.76111e-09	5.51133e-09	7.05587e-09	5.40891e-09	0.718683	0.6875	0.965215	0.923077	50.3098	0.815152	0.184848	1.93471e-08
2.37973e-09	1.86339e-09	1.30208e-16	2.42628e-25	5.23051e-08	1.70435e-08	1.0879e-08	1.75035e-08	1.28758e-08	0.598079	0.777778	0.875673	0.971429	166.599	0.638305	0.361695	4.58022e-08
1.71636e-09	1.50913e-09	6.12743e-17	9.24708e-26	4.00886e-08	1.33759e-08	8.73455e-09	1.38377e-08	8.83271e-09	0.479122	0.5	0.871913	0.969697	157.026	0.653006	0.346994	3.49538e-08
2.16569e-09	1.77289e-09	9.95707e-17	1.76528e-25	4.44773e-08	1.55344e-08	9.95202e-09	1.56556e-08	1.12595e-08	0.632505	0.611111	0.920489	0.945455	172.866	0.640646	0.359354	4.09409e-08
1.9738e-09	1.63916e-09	9.57411e-17	1.56935e-25	4.00886e-08	1.32572e-08	1.05242e-08	1.38377e-08	1.10409e-08	0.748628	0.625	0.934113	1.06383	155.216	0.793846	0.206154	3.74473e-08
4.48475e-09	2.64252e-09	3.56157e-16	9.41152e-25	7.5117e-08	2.27985e-08	1.99272e-08	2.35648e-08	2.12949e-08	0.793186	0.671329	0.909615	1.06286	165.557	0.874059	0.125941	6.83276e-08
2.41687e-09	1.77579e-09	1.53186e-16	2.72025e-25	4.90628e-08	1.65362e-08	1.40657e-08	1.67202e-08	1.39657e-08	0.799695	0.746032	0.950591	1.03896	150.938	0.850601	0.149399	4.66386e-08
1.40633e-09	1.26123e-09	3.44668e-17	4.34704e-26	2.11907e-08	8.30262e-09	5.53508e-09	8.30262e-09	6.62454e-09	0.964543	0.8125	1	1.28571	135	0.666667	0.333333	2.11907e-08
1.90753e-09	1.6435e-09	9.19114e-17	1.51056e-25	3.89423e-08	1.37407e-08	9.78205e-09	1.38377e-08	1.08178e-08	0.761618	0.530612	0.945192	1.09091	128.212	0.711903	0.288097	3.68079e-08
1.47665e-09	1.33348e-09	3.82964e-17	5.10677e-26	2.55794e-08	8.64345e-09	7.052e-09	8.75173e-09	6.98287e-09	0.735509	0.75	0.922992	1	144.412	0.815879	0.184121	2.36096e-08
2.05814e-09	1.6146e-09	9.19114e-17	1.484e-25	4.28562e-08	1.37794e-08	1.16289e-08	1.42468e-08	1.08178e-08	0.628858	0.535714	0.942108	0.979592	177.129	0.843933	0.156067	4.03751e-08
2.33404e-09	1.75981e-09	1.22549e-16	2.15662e-25	4.51489e-08	1.55914e-08	1.10204e-08	1.57774e-08	1.24913e-08	0.755483	0.703704	0.954995	1.06667	164.069	0.706821	0.293179	4.31169e-08
3.52739e-09	2.59789e-09	2.60416e-16	6.76532e-25	6.24256e-08	2.15003e-08	1.6129e-08	2.18793e-08	1.82091e-08	0.839752	0.757576	0.943503	1.04615	164.116	0.750178	0.249822	5.88987e-08
1.48934e-09	1.46346e-09	2.1829e-16	3.19458e-25	7.39706e-08	2.58837e-08	1.24815e-08	2.66174e-08	1.66714e-08	0.501331	0.484127	0.865578	0.904762	149.413	0.482216	0.517784	6.40273e-08
2.1373e-09	1.52416e-09	8.42521e-17	1.28413e-25	4.12168e-08	1.40648e-08	1.04551e-08	1.41117e-08	1.03573e-08	0.623222	0.530612	0.898849	1	119.014	0.743353	0.256647	3.70476e-08
2.90461e-09	2.13413e-09	2.37438e-16	5.06723e-25	6.17541e-08	2.0953e-08	1.40427e-08	2.18793e-08	1.73872e-08	0.782399	0.62037	0.954389	1.07826	151.982	0.670197	0.329803	5.89374e-08
2.24533e-09	1.67356e-09	1.034e-16	1.73046e-25	4.44773e-08	1.37732e-08	1.17296e-08	1.42468e-08	1.1474e-08	0.656832	0.571429	0.914292	1.03846	177.406	0.85163	0.14837	4.06653e-08
2.40946e-09	1.91136e-09	1.64675e-16	3.14752e-25	4.95376e-08	1.77101e-08	1.24689e-08	1.77209e-08	1.448e-08	0.84327	0.685714	0.946942	1.075	171.662	0.704054	0.295946	4.69092e-08
2.1327e-09	1.74903e-09	1.22549e-16	2.14341e-25	4.05634e-08	1.40083e-08	1.13846e-08	1.42468e-08	1.24913e-08	0.935941	0.607143	0.963145	1.20755	153.556	0.812706	0.187294	3.90685e-08
2.61915e-09	1.89216e-09	1.68504e-16	3.18837e-25	5.39263e-08	1.9382e-08	1.28826e-08	1.96671e-08	1.46474e-08	0.728147	0.649351	0.912151	1.03529	164.522	0.66467	0.33533	4.9189e-08
2.04426e-09	1.57094e-09	8.80818e-17	1.38371e-25	3.89423e-08	1.14096e-08	9.65111e-09	1.19036e-08	1.05901e-08	0.729884	0.642857	0.88159	1.06977	153.972	0.845877	0.154123	3.43311e-08
2.25605e-09	1.73919e-09	8.04225e-17	1.3987e-25	3.50284e-08	1.36605e-08	7.8623e-09	1.38377e-08	1.01191e-08	0.823659	0.65	0.96602	1.07692	178.951	0.575549	0.424451	3.38381e-08
1.78037e-09	1.53118e-09	5.74446e-17	8.79583e-26	3.3882e-08	1.18025e-08	8.62842e-09	1.19036e-08	8.55224e-09	0.628812	0.6	0.89774	0.967742	16.9354	0.731065	0.268935	3.04172e-08
2.04913e-09	1.60332e-09	7.65928e-17	1.22803e-25	3.50284e-08	1.17142e-08	9.49405e-09	1.19036e-08	9.87527e-09	0.784437	0.52381	0.920842	1.11111	176.077	0.810475	0.189525	3.22556e-08
1.3744e-09	1.2077e-09	1.53186e-17	1.85003e-26	1.72768e-08	6.07865e-09	4.39877e-09	6.18841e-09	4.41636e-09	0.644916	0.75	0.979821	0.888889	172.372	0.723642	0.276358	1.69281e-08
3.38089e-09	2.28977e-09	1.91482e-16	4.38451e-25	5.45978e-08	1.8565e-08	1.54566e-08	1.85652e-08	1.56142e-08	0.807211	0.7375	0.945237	0.990099	161.828	0.832567	0.167433	5.16079e-08
1.68082e-09	1.39334e-09	2.68075e-17	3.73519e-26	2.11907e-08	7.82779e-09	3.91389e-09	8.0687e-09	5.84229e-09	0.7502	0.866667	1	1	180	0.5	0.5	2.11907e-08
2.46237e-09	1.98408e-09	4.94024e-16	9.80181e-25	9.67825e-08	2.9355e-08	2.71199e-08	2.98715e-08	2.50801e-08	0.662772	0.554167	0.895149	0.938182	166.795	0.923858	0.0761417	8.66347e-08
1.42287e-09	1.27705e-09	1.91482e-17	2.44532e-26	2.39582e-08	8.46976e-09	4.23488e-09	8.75173e-09	4.93764e-09	0.419208	0.733333	0.911754	0.769231	11.9812	0.5	0.5	2.1844e-08
1.15278e-09	1.18353e-09	1.91482e-17	2.26625e-26	2.28118e-08	7.01384e-09	4.37537e-09	7.05587e-09	4.93764e-09	0.462399	0.75	0.757359	1	27.4329	0.623819	0.376181	1.72768e-08
3.09079e-09	2.14166e-09	1.64675e-16	3.52676e-25	4.95376e-08	1.62474e-08	1.3769e-08	1.68343e-08	1.448e-08	0.84327	0.680556	0.951945	1.02381	140.711	0.847459	0.152541	4.71571e-08
4.7567e-09	2.79336e-09	4.21261e-16	1.17673e-24	8.29448e-08	3.1805e-08	1.80371e-08	3.18568e-08	2.31596e-08	0.769454	0.676471	0.952611	1.05769	166.112	0.567115	0.432885	7.90141e-08
1.41727e-09	1.50539e-09	1.53186e-17	2.30604e-26	2.11907e-08	9.95053e-09	2.6596e-09	9.97851e-09	4.41636e-09	0.428686	0.833333	1	1	172.982	0.267283	0.732717	2.11907e-08
2.85975e-09	2.17833e-09	3.63816e-16	7.92512e-25	8.89547e-08	3.09412e-08	1.73456e-08	3.09421e-08	2.15227e-08	0.577769	0.520408	0.889576	0.935961	124.267	0.560597	0.439403	7.9132e-08
1.61719e-09	1.65606e-09	2.06801e-16	3.42474e-25	7.78845e-08	2.79e-08	1.17219e-08	2.80192e-08	1.62267e-08	0.42841	0.47619	1.22116	0.892562	160.512	0.42014	0.57986	9.51091e-08
2.02456e-09	1.55409e-09	6.12743e-17	9.52255e-26	2.94933e-08	1.03677e-08	7.67136e-09	1.05385e-08	8.83271e-09	0.885201	0.666667	0.959643	1.10345	168.526	0.739926	0.260074	2.8303e-08
1.99898e-09	1.69239e-09	1.53186e-17	2.5925e-26	1.84231e-08	7.96253e-09	2.43451e-09	8.0687e-09	4.41636e-09	0.567155	0.9	1	1.14286	4.73116	0.305746	0.694254	1.84231e-08
2.61858e-09	1.85293e-09	1.37867e-16	2.55458e-25	4.56237e-08	1.73216e-08	1.104e-08	1.76125e-08	1.32491e-08	0.832319	0.7	0.967232	1.05882	169.572	0.637354	0.362646	4.41287e-08
1.29533e-09	1.36567e-09	4.97853e-17	6.79904e-26	3.22608e-08	1.08572e-08	8.14291e-09	1.10702e-08	7.9617e-09	0.601119	0.566667	0.902046	0.962963	123.744	0.75	0.25	2.91007e-08
1.8213e-09	1.57352e-09	9.57411e-17	1.50651e-25	3.77959e-08	1.3776e-08	9.77373e-09	1.38377e-08	1.10409e-08	0.842206	0.583333	0.955945	1.11111	177.282	0.709474	0.290526	3.61308e-08
1.79865e-09	1.64044e-09	9.57411e-17	1.57058e-25	3.89423e-08	1.48624e-08	9.65314e-09	1.49037e-08	1.10409e-08	0.793352	0.604167	0.956775	1.06383	152.537	0.649501	0.350499	3.7259e-08
4.37774e-09	2.76023e-09	3.02542e-16	8.35085e-25	6.5668e-08	2.27672e-08	1.79537e-08	2.28217e-08	1.96267e-08	0.881632	0.772727	0.945236	1.06757	145.076	0.788575	0.211425	6.20718e-08
1.58527e-09	1.55087e-09	8.42521e-17	1.30664e-25	3.50284e-08	1.19535e-08	8.16286e-09	1.23768e-08	1.03573e-08	0.862881	0.595238	0.94487	1.12821	146.537	0.682882	0.317118	3.30972e-08
3.98275e-09	2.8055e-09	3.02542e-16	8.4878e-25	6.95819e-08	2.32907e-08	1.81476e-08	2.38073e-08	1.96267e-08	0.78524	0.676923	0.9331	1	158.58	0.779178	0.220822	6.49268e-08
2.7534e-09	2.07894e-09	1.76164e-16	3.66233e-25	4.95376e-08	1.67157e-08	1.35788e-08	1.68343e-08	1.49766e-08	0.902103	0.75	0.964812	1.03371	160.769	0.81234	0.18766	4.77945e-08
2.25986e-09	1.74448e-09	1.22549e-16	2.13783e-25	4.677e-08	1.51551e-08	1.18487e-08	1.52842e-08	1.24913e-08	0.704016	0.714286	0.907923	0.984615	147.649	0.78183	0.21817	4.24636e-08
1.22761e-09	1.25874e-09	1.53186e-17	1.92821e-26	2.00443e-08	6.88398e-09	4.11722e-09	7.05587e-09	4.41636e-09	0.479122	0.583333	0.844536	1.14286	46.3632	0.598087	0.401913	1.69281e-08
2.15312e-09	1.63197e-09	1.18719e-16	1.93746e-25	4.72449e-08	1.46706e-08	1.03254e-08	1.57774e-08	1.22946e-08	0.668375	0.539683	0.875079	1.06897	146.656	0.703811	0.296189	4.1343e-08
1.96554e-09	1.61746e-09	9.19114e-17	1.48663e-25	3.73211e-08	1.38153e-08	9.59194e-09	1.38377e-08	1.08178e-08	0.829223	0.666667	0.969072	1.14286	131.737	0.6943	0.3057	3.61668e-08
3.27038e-09	2.72362e-09	7.58269e-16	2.06524e-24	1.9431e-07	3.9136e-08	3.77057e-08	4.12818e-08	3.10718e-08	0.252373	0.480861	0.656459	0.760077	37.5766	0.963454	0.0365463	1.27557e-07
1.30621e-09	1.30554e-09	3.06371e-17	3.99981e-26	2.16655e-08	7.04789e-09	6.04105e-09	7.05587e-09	6.24567e-09	0.820202	0.6875	0.925172	1.23077	120.964	0.857143	0.142857	2.00443e-08
2.57653e-09	1.70067e-09	1.30208e-16	2.2144e-25	4.28562e-08	1.52818e-08	1.1305e-08	1.52842e-08	1.28758e-08	0.890883	0.696429	0.966814	1.07937	128.775	0.739769	0.260231	4.14339e-08
3.04606e-09	2.42385e-09	2.06801e-16	5.01253e-25	5.34515e-08	1.84858e-08	1.41153e-08	1.85652e-08	1.62267e-08	0.909583	0.775	0.973911	1.05882	156.263	0.763573	0.236427	5.2057e-08
2.30768e-09	1.99165e-09	1.57015e-16	3.1272e-25	4.72449e-08	1.60332e-08	1.16814e-08	1.61374e-08	1.41392e-08	0.88398	0.698413	0.92879	1.12329	159.45	0.728577	0.271423	4.38806e-08
1.91679e-09	2.29763e-09	6.89336e-16	1.58384e-24	1.35725e-07	4.44725e-08	2.50799e-08	4.4711e-08	2.96258e-08	0.470243	0.61039	0.831769	0.84507	162.722	0.563942	0.436058	1.12892e-07
5.13432e-09	3.11393e-09	4.17431e-16	1.29985e-24	7.95057e-08	2.74016e-08	2.07461e-08	2.74671e-08	2.30541e-08	0.829847	0.69697	0.941227	1.03318	171.956	0.757113	0.242887	7.48329e-08
1.12783e-09	1.19328e-09	1.53186e-17	1.82794e-26	1.45092e-08	5.35812e-09	3.67148e-09	5.53508e-09	4.41636e-09	0.914407	0.777778	0.975972	1.33333	59.5273	0.685218	0.314782	1.41606e-08
1.46364e-09	1.58077e-09	1.72334e-16	2.7242e-25	7.55918e-08	2.74641e-08	1.16119e-08	2.74671e-08	1.48129e-08	0.378993	0.447619	0.924695	0.989011	176.75	0.422801	0.577199	6.98994e-08
2.67878e-09	2.01109e-09	1.57015e-16	3.15773e-25	4.90628e-08	1.66859e-08	1.35091e-08	1.68343e-08	1.41392e-08	0.819687	0.825397	0.971578	0.987952	163.114	0.809615	0.190385	4.76683e-08
1.35731e-09	1.27426e-09	2.68075e-17	3.41597e-26	2.55794e-08	8.68528e-09	5.42646e-09	8.75173e-09	5.84229e-09	0.514856	0.5	1.10306	1.16667	146.37	0.624788	0.375212	2.82155e-08
2.12397e-09	1.64733e-09	1.49356e-16	2.46038e-25	4.95376e-08	1.66697e-08	1.30082e-08	1.76125e-08	1.37901e-08	0.764827	0.614286	0.921253	1.04	161.168	0.780351	0.219649	4.56366e-08
1.26507e-09	1.27009e-09	2.68075e-17	3.4048e-26	2.21275e-08	8.02587e-09	6.08859e-09	8.0687e-09	5.84229e-09	0.688023	0.5	0.963367	1	98.1301	0.758621	0.241379	2.13169e-08
2.24445e-09	1.75757e-09	1.26378e-16	2.22119e-25	4.28562e-08	1.6133e-08	1.04057e-08	1.61374e-08	1.2685e-08	0.86468	0.759259	0.983731	1.04762	167.304	0.644995	0.355005	4.21589e-08
6.16928e-09	3.36848e-09	3.86794e-16	1.30291e-24	8.29448e-08	2.98817e-08	1.85187e-08	2.99355e-08	2.21919e-08	0.706499	0.70625	0.915181	0.985366	172.128	0.619734	0.380266	7.59095e-08
1.21074e-09	1.33592e-09	5.74446e-17	7.67413e-26	4.1235e-08	1.76115e-08	5.91176e-09	1.76125e-08	8.55224e-09	0.424549	0.425	0.967361	1.5	179.396	0.335675	0.664325	3.98891e-08
1.64995e-09	1.44403e-09	4.59557e-17	6.63613e-26	2.83469e-08	1.12295e-08	5.52286e-09	1.14109e-08	7.64935e-09	0.718683	0.533333	0.967221	1.09091	138.808	0.491816	0.508184	2.74177e-08
1.88723e-09	1.50472e-09	3.44668e-17	5.18628e-26	2.51046e-08	7.86147e-09	5.93976e-09	8.75173e-09	6.62454e-09	0.687235	0.8	0.972226	0.9	1.0227	0.755554	0.244446	2.44073e-08
1.42778e-09	1.3254e-09	1.91482e-17	2.53791e-26	2.11907e-08	7.9189e-09	4.01029e-09	8.0687e-09	4.93764e-09	0.535857	0.666667	0.976734	1	177.021	0.506421	0.493579	2.06976e-08
1.19647e-09	1.18725e-09	1.14889e-17	1.36402e-26	1.33629e-08	3.91389e-09	3.91389e-09	4.37587e-09	3.82468e-09	0.808518	0.777778	1	1	1.02132e-08	1	0	1.33629e-08
1.23824e-09	1.25497e-09	1.14889e-17	1.44182e-26	2.00443e-08	5.42395e-09	5.11375e-09	5.87084e-09	3.82468e-09	0.359341	0.583333	0.965215	0.857143	22.5	0.942809	0.0571909	1.93471e-08
1.62264e-09	1.49056e-09	3.06371e-17	4.56664e-26	2.28118e-08	6.72737e-09	6.18344e-09	7.05587e-09	6.24567e-09	0.739839	0.75	0.91365	1.06667	73.8622	0.919147	0.0808535	2.0842e-08
2.26099e-09	1.6781e-09	9.95707e-17	1.6709e-25	3.77959e-08	1.31276e-08	8.75172e-09	1.38377e-08	1.12595e-08	0.875895	0.604167	0.956968	1.13043	153.349	0.666667	0.333333	3.61695e-08
1.91362e-09	1.57611e-09	4.21261e-17	6.63952e-26	2.28118e-08	8.75044e-09	6.11029e-09	8.75173e-09	7.3237e-09	1.01728	0.75	1	1.22222	27.5488	0.698283	0.301717	2.28118e-08
2.99859e-09	2.25925e-09	1.87652e-16	4.23954e-25	5.29766e-08	1.86634e-08	1.28732e-08	1.92737e-08	1.54572e-08	0.840224	0.842857	0.974806	1.02083	170.494	0.689755	0.310245	5.1642e-08
2.02633e-09	1.55929e-09	1.18719e-16	1.85117e-25	5.94485e-08	2.07825e-08	8.55081e-09	2.08026e-08	1.22946e-08	0.422131	0.45	1.15638	1.03333	136.296	0.411442	0.588558	6.87452e-08
2.74286e-09	1.99562e-09	1.53186e-16	3.05701e-25	4.90628e-08	1.66656e-08	1.3439e-08	1.67202e-08	1.39657e-08	0.799695	0.777778	0.943221	0.987654	164.073	0.806389	0.193611	4.6277e-08
2.36502e-09	1.96251e-09	1.45526e-16	2.85597e-25	4.95376e-08	1.83335e-08	1.13541e-08	1.84618e-08	1.36121e-08	0.745216	0.746032	0.936208	0.987013	154.753	0.619309	0.380691	4.63775e-08
1.8553e-09	1.6553e-09	1.79993e-16	2.97942e-25	6.84355e-08	1.98845e-08	1.58891e-08	2.08026e-08	1.51385e-08	0.48295	0.666667	0.800408	0.895238	65.8998	0.799068	0.200932	5.47763e-08
1.31696e-09	1.43662e-09	6.12743e-17	8.8028e-26	3.11145e-08	9.91343e-09	7.45068e-09	9.97851e-09	8.83271e-09	0.795359	0.633333	0.909642	1.10345	107.857	0.751574	0.248426	2.8303e-08
1.31579e-09	1.32874e-09	6.12743e-17	8.14176e-26	4.48131e-08	1.23443e-08	8.55142e-09	1.23768e-08	8.83271e-09	0.383423	0.6	0.717207	0.888889	14.2829	0.692741	0.307259	3.21403e-08
1.52532e-09	1.37153e-09	5.3615e-17	7.35347e-26	3.34072e-08	1.12276e-08	8.46595e-09	1.14109e-08	8.26225e-09	0.603694	0.733333	0.902399	0.875	138.752	0.754033	0.245967	3.01466e-08
1.57678e-09	1.67059e-09	9.19114e-17	1.53546e-25	4.28562e-08	1.2517e-08	1.13669e-08	1.31276e-08	1.08178e-08	0.628858	0.690476	0.877955	1.02128	125.996	0.908114	0.0918863	3.76258e-08
4.64148e-09	2.78722e-09	3.79135e-16	1.05673e-24	8.40911e-08	2.90279e-08	1.85463e-08	2.90921e-08	2.19711e-08	0.673756	0.713333	0.890585	1	164.155	0.638913	0.361087	7.48903e-08
4.30446e-09	2.58469e-09	4.09772e-16	1.05913e-24	1.02318e-07	2.6583e-08	2.1989e-08	2.72571e-08	2.28416e-08	0.491871	0.631868	0.77022	0.918455	132.354	0.827182	0.172818	7.8807e-08
1.81239e-09	1.54479e-09	9.57411e-17	1.47899e-25	3.61747e-08	1.18704e-08	1.00981e-08	1.19036e-08	1.10409e-08	0.919386	0.738095	0.971089	1.06383	5.17953	0.850697	0.149303	3.51289e-08
2.89697e-09	2.03282e-09	2.29779e-16	4.67098e-25	5.78402e-08	1.80414e-08	1.69407e-08	1.84618e-08	1.71045e-08	0.863097	0.722222	0.940687	1.06195	11.9962	0.938989	0.061011	5.44095e-08
1.85557e-09	1.52163e-09	4.21261e-17	6.41002e-26	2.78721e-08	1.19027e-08	4.54321e-09	1.19036e-08	7.3237e-09	0.68143	0.714286	0.969803	1.22222	10.1653	0.381695	0.618305	2.70304e-08
1.41158e-09	1.39002e-09	4.21261e-17	5.85561e-26	2.67257e-08	9.57891e-09	7.08876e-09	9.78474e-09	7.3237e-09	0.741142	0.52	0.962364	1.29412	64.9028	0.740038	0.259962	2.57199e-08
1.41943e-09	1.44648e-09	1.18719e-16	1.71725e-25	4.56237e-08	1.383e-08	1.2401e-08	1.42468e-08	1.22946e-08	0.716719	0.625	0.927571	1.10714	43.093	0.89667	0.10333	4.23192e-08
1.31254e-09	1.33745e-09	1.14889e-17	1.53659e-26	1.45092e-08	6.09279e-09	2.50455e-09	6.18841e-09	3.82468e-09	0.685805	0.875	1	1.2	171.65	0.411069	0.588931	1.45092e-08
3.13039e-09	2.14795e-09	2.1446e-16	4.60649e-25	5.89866e-08	2.04226e-08	1.42342e-08	2.04311e-08	1.65245e-08	0.774551	0.727273	0.941481	1.01818	161.641	0.696982	0.303018	5.55347e-08
1.6614e-09	1.36311e-09	4.21261e-17	5.74223e-26	3.14502e-08	1.2266e-08	6.13301e-09	1.23768e-08	7.3237e-09	0.535196	0.571429	0.91004	0.956522	153.892	0.5	0.5	2.8621e-08
2.27651e-09	2.03323e-09	2.29779e-16	4.67192e-25	6.40468e-08	2.37778e-08	1.27897e-08	2.38073e-08	1.71045e-08	0.703921	0.758242	0.914863	1.01695	6.60792	0.537883	0.462117	5.8594e-08
2.4288e-09	1.89542e-09	1.30208e-16	2.46798e-25	4.677e-08	1.68341e-08	1.20398e-08	1.68343e-08	1.28758e-08	0.748017	0.785714	0.950429	0.957746	144.749	0.715201	0.284799	4.44516e-08
3.03095e-09	2.07091e-09	1.83823e-16	3.80681e-25	5.39263e-08	1.78282e-08	1.41038e-08	1.80422e-08	1.52987e-08	0.794342	0.7	0.938722	1.01053	148.232	0.791097	0.208903	5.06218e-08
1.66729e-09	1.36139e-09	2.68075e-17	3.64954e-26	2.83341e-08	8.21213e-09	6.05104e-09	8.75173e-09	5.84229e-09	0.419612	0.6	0.820954	0.823529	173.66	0.736842	0.263158	2.3261e-08
2.58382e-09	2.07865e-09	1.49356e-16	3.10459e-25	5.50727e-08	1.63902e-08	1.38355e-08	1.67202e-08	1.37901e-08	0.618814	0.625	0.888156	0.95122	9.15377	0.844134	0.155866	4.89131e-08
3.0573e-09	2.07989e-09	1.87652e-16	3.90297e-25	5.34515e-08	1.6699e-08	1.53693e-08	1.68343e-08	1.54572e-08	0.825362	0.791667	0.932477	1.02083	137.194	0.920368	0.0796316	4.98423e-08
1.60028e-09	1.42105e-09	4.21261e-17	5.98634e-26	2.83469e-08	1.03051e-08	6.44736e-09	1.05385e-08	7.3237e-09	0.658793	0.625	0.918212	1	99.72	0.625649	0.374351	2.60285e-08
3.1526e-09	2.27209e-09	1.95312e-16	4.43766e-25	5.73654e-08	2.10274e-08	1.35772e-08	2.1077e-08	1.57695e-08	0.745828	0.670455	0.938174	1	162.131	0.645692	0.354308	5.38187e-08
1.62974e-09	1.43923e-09	3.06371e-17	4.40938e-26	2.67257e-08	9.78474e-09	3.91389e-09	9.97851e-09	6.24567e-09	0.539012	0.722222	0.926295	1.06667	180	0.4	0.6	2.47559e-08
3.80093e-09	2.75998e-09	3.2169e-16	8.87856e-25	7.07282e-08	2.18627e-08	2.02778e-08	2.21403e-08	2.02383e-08	0.808093	0.768595	0.919397	1.02439	144.083	0.927508	0.0724923	6.50273e-08
3.01597e-09	2.10232e-09	2.91053e-16	6.11887e-25	7.34958e-08	2.71491e-08	1.57108e-08	2.71868e-08	1.92505e-08	0.677106	0.674603	0.91959	1.00662	152.76	0.578685	0.421315	6.7586e-08
2.9665e-09	2.28606e-09	2.45097e-16	5.60307e-25	6.5668e-08	2.19506e-08	1.43195e-08	2.23126e-08	1.76654e-08	0.714234	0.708333	0.926612	1.10345	175.08	0.652352	0.347648	6.08488e-08
2.52792e-09	1.8464e-09	1.41697e-16	2.61628e-25	4.72449e-08	1.6719e-08	1.16533e-08	1.67202e-08	1.34318e-08	0.797738	0.650794	0.934042	1.12121	158.765	0.697008	0.302992	4.41287e-08
2.68035e-09	1.89123e-09	1.22549e-16	2.31767e-25	4.1235e-08	1.38377e-08	1.08084e-08	1.41117e-08	1.24913e-08	0.905705	0.8125	0.979589	1.06667	171.734	0.781087	0.218913	4.03933e-08
6.51716e-09	3.9922e-09	5.74446e-16	2.2933e-24	9.35401e-08	3.34851e-08	2.19662e-08	3.34975e-08	2.70446e-08	0.825018	0.74537	0.951542	1.01351	174.854	0.656	0.344	8.90074e-08
3.19124e-09	2.17518e-09	2.52756e-16	5.4979e-25	7.07282e-08	2.06135e-08	1.64908e-08	2.18793e-08	1.79393e-08	0.63493	0.757576	0.853884	0.970588	173.02	0.8	0.2	6.03937e-08
1.53084e-09	1.40691e-09	3.44668e-17	4.84917e-26	2.00443e-08	7.05473e-09	5.94006e-09	7.05587e-09	6.62454e-09	1.07802	0.75	1	1.38462	145.278	0.841997	0.158003	2.00443e-08
1.86123e-09	1.48034e-09	8.04225e-17	1.19053e-25	3.34072e-08	1.01269e-08	1.01269e-08	1.05385e-08	1.01191e-08	0.90554	0.694444	0.944814	1.10526	52.1323	1	2.97238e-09	3.15636e-08
1.46182e-09	1.4107e-09	1.53186e-17	2.16099e-26	1.45092e-08	5.53508e-09	4.15131e-09	5.53508e-09	4.41636e-09	0.914407	0.888889	1	1.14286	45	0.75	0.25	1.45092e-08
1.71811e-09	1.49992e-09	3.06371e-17	4.59533e-26	2.39582e-08	1.05353e-08	4.3505e-09	1.05385e-08	6.24567e-09	0.670733	0.666667	0.970898	1.23077	159.607	0.412945	0.587055	2.3261e-08
2.58512e-09	1.95781e-09	4.21261e-17	8.2475e-26	3.68462e-08	1.5683e-08	4.08846e-09	1.57774e-08	7.3237e-09	0.389919	0.777778	0.959427	0.846154	179.146	0.260694	0.739306	3.53513e-08
