PAZCenter	PAZAverage	PAArea	PAVolume	PAPerimeter	PALength	PAWidth	PAMaxDistance	PACEDiameter	PACircularity	PARectangularity	PAConvexity	PASolidity	PAMajorAngle	PAAspectRatio	PAElongation	PAHullPerimeter
3.60285e-09	2.68963e-09	8.04225e-17	2.16307e-25	3.34072e-08	1.06788e-08	9.97705e-09	1.14109e-08	1.01191e-08	0.90554	0.694444	0.961751	1.10526	100.329	0.934282	0.065718	3.21294e-08
2.50317e-09	2.38563e-09	4.21261e-17	1.00497e-25	2.51046e-08	9.7328e-09	7.04789e-09	9.78474e-09	7.3237e-09	0.839954	0.85	0.986113	1.04762	149.036	0.724138	0.275862	2.47559e-08
2.82468e-09	2.58871e-09	2.29779e-17	5.94831e-26	2.00443e-08	8.01734e-09	4.35141e-09	8.0687e-09	5.40891e-09	0.718683	0.666667	0.965215	1.09091	159.495	0.54275	0.45725	1.93471e-08
6.69695e-09	4.6216e-09	4.44238e-16	2.05309e-24	8.57123e-08	2.9923e-08	1.99487e-08	2.99355e-08	2.37828e-08	0.759871	0.681818	0.914512	1.03571	167.035	0.666667	0.333333	7.8385e-08
2.82904e-09	2.5675e-09	6.12743e-17	1.57322e-25	3.61747e-08	1.06302e-08	8.37296e-09	1.14109e-08	8.83271e-09	0.588407	0.8	0.89674	0.888889	80.3533	0.78766	0.21234	3.24393e-08
2.43943e-09	2.40774e-09	5.74446e-17	1.38312e-25	3.22608e-08	9.93038e-09	7.8218e-09	1.05385e-08	8.55224e-09	0.693599	0.566667	0.908376	1.2	92.2423	0.787663	0.212337	2.9305e-08
2.43865e-09	2.31962e-09	3.44668e-17	7.995e-26	2.55794e-08	8.74709e-09	6.96918e-09	8.75173e-09	6.62454e-09	0.661958	0.75	0.936621	0.947368	155.301	0.796743	0.203257	2.39582e-08
3.91859e-09	3.38042e-09	1.60845e-16	5.43723e-25	5.06839e-08	1.78382e-08	1.19809e-08	1.80422e-08	1.43106e-08	0.786822	0.742857	0.963549	0.965517	176.095	0.671647	0.328353	4.88365e-08
3.93708e-09	3.08986e-09	1.72334e-16	5.32488e-25	4.72449e-08	1.59688e-08	1.28761e-08	1.67202e-08	1.48129e-08	0.970222	0.680556	0.970484	1.125	142.203	0.806329	0.193671	4.58504e-08
4.46944e-09	3.42208e-09	2.1446e-16	7.33898e-25	5.39263e-08	1.82489e-08	1.4253e-08	1.85652e-08	1.65245e-08	0.926733	0.677778	0.958534	1.07692	150.973	0.781032	0.218968	5.16902e-08
3.47531e-09	3.41023e-09	4.94024e-16	1.68474e-24	1.34104e-07	3.92478e-08	1.59082e-08	3.93342e-08	2.50801e-08	0.345205	0.708995	1.77549	1.28358	1.91333	0.405327	0.594673	2.38099e-07
2.57556e-09	2.53206e-09	6.89336e-17	1.74544e-25	3.61747e-08	1.14099e-08	8.7339e-09	1.19036e-08	9.36851e-09	0.661958	0.628571	0.872531	1.05882	149.777	0.765466	0.234534	3.15636e-08
6.85616e-09	4.44222e-09	4.21261e-16	1.87133e-24	8.57123e-08	2.79771e-08	1.99402e-08	2.80192e-08	2.31596e-08	0.720567	0.739394	0.898509	0.982143	171.046	0.71273	0.28727	7.70133e-08
4.91428e-09	3.81825e-09	2.41267e-16	9.2122e-25	5.78402e-08	2.15556e-08	1.47979e-08	2.16152e-08	1.75269e-08	0.906252	0.71875	0.973709	1.07692	170.55	0.6865	0.3135	5.63195e-08
2.58121e-09	2.33274e-09	1.14889e-17	2.68007e-26	1.72768e-08	8.05662e-09	2.66178e-09	8.0687e-09	3.82468e-09	0.483687	0.8	1	1	169.099	0.330385	0.669615	1.72768e-08
2.25259e-09	2.20846e-09	1.53186e-17	3.38304e-26	1.45092e-08	5.35812e-09	3.67148e-09	5.53508e-09	4.41636e-09	0.914407	0.777778	0.975972	1.33333	59.5273	0.685218	0.314782	1.41606e-08
2.66933e-09	2.37716e-09	1.91482e-17	4.55183e-26	2.04187e-08	6.99243e-09	4.37565e-09	7.05587e-09	4.93764e-09	0.577138	0.666667	0.846123	1.25	63.9994	0.625771	0.374229	1.72768e-08
2.40374e-09	2.49015e-09	4.97853e-17	1.23973e-25	4.31919e-08	1.16913e-08	8.33749e-09	1.17417e-08	7.9617e-09	0.335356	0.457143	0.747218	0.896552	5.30983	0.713137	0.286863	3.22738e-08
3.41945e-09	2.73201e-09	1.30208e-16	3.5573e-25	4.05634e-08	1.41789e-08	1.22538e-08	1.42468e-08	1.28758e-08	0.994437	0.642857	0.977361	1.19298	100.349	0.864227	0.135773	3.96451e-08
2.79568e-09	2.68645e-09	8.04225e-17	2.16051e-25	3.66496e-08	1.30751e-08	8.71674e-09	1.31276e-08	1.01191e-08	0.752402	0.571429	0.930709	1.13514	148.309	0.666667	0.333333	3.41101e-08
4.87445e-09	3.61582e-09	3.1786e-16	1.14933e-24	6.95819e-08	2.42433e-08	1.84135e-08	2.47536e-08	2.01175e-08	0.824999	0.692308	0.938922	1.03106	6.78053	0.75953	0.24047	6.5332e-08
2.92888e-09	2.57362e-09	6.51039e-17	1.67553e-25	3.3882e-08	1.05355e-08	9.76563e-09	1.05385e-08	9.10455e-09	0.712654	0.583333	0.884867	1.0303	23.1661	0.926927	0.0730729	2.99811e-08
3.40231e-09	2.75807e-09	1.034e-16	2.85186e-25	4.00886e-08	1.31096e-08	1.13159e-08	1.36986e-08	1.1474e-08	0.808518	0.6875	0.95041	1.03846	156.434	0.863174	0.136826	3.81006e-08
2.68543e-09	2.50546e-09	4.97853e-17	1.24735e-25	2.67257e-08	9.78474e-09	5.87084e-09	9.78474e-09	7.9617e-09	0.875895	0.75	0.973911	1.08333	180	0.6	0.4	2.60285e-08
3.6634e-09	3.10564e-09	1.60845e-16	4.99527e-25	4.677e-08	1.52724e-08	1.33619e-08	1.57774e-08	1.43106e-08	0.924021	0.78125	0.975767	1.03704	142.452	0.874907	0.125093	4.56366e-08
2.86071e-09	2.52972e-09	4.21261e-17	1.06567e-25	2.16655e-08	8.05957e-09	6.14062e-09	8.0687e-09	7.3237e-09	1.12778	0.65	0.983909	1.375	168.69	0.761905	0.238095	2.13169e-08
2.51557e-09	2.49931e-09	5.3615e-17	1.34e-25	3.22608e-08	1.08791e-08	8.1593e-09	1.14109e-08	8.26225e-09	0.647359	0.633333	0.921282	0.933333	124.338	0.75	0.25	2.97213e-08
3.52375e-09	2.90851e-09	1.76164e-16	5.12374e-25	5.73654e-08	1.90402e-08	1.33704e-08	1.92737e-08	1.49766e-08	0.672707	0.771429	0.894152	1.01099	15.0358	0.702218	0.297782	5.12934e-08
3.21411e-09	2.68805e-09	8.42521e-17	2.26474e-25	3.77959e-08	1.23768e-08	1.05203e-08	1.23768e-08	1.03573e-08	0.741142	0.666667	0.908329	1.02326	108.435	0.85	0.15	3.43311e-08
2.71233e-09	2.48293e-09	3.44668e-17	8.55785e-26	2.28118e-08	8.71449e-09	6.01949e-09	8.75173e-09	6.62454e-09	0.832319	0.75	1	1	148.147	0.690745	0.309255	2.28118e-08
2.67749e-09	2.3434e-09	2.68075e-17	6.28207e-26	2.39582e-08	6.52441e-09	6.14062e-09	7.05587e-09	5.84229e-09	0.586891	0.6875	0.869933	1.07692	78.6901	0.941176	0.0588235	2.0842e-08
5.51847e-09	3.93717e-09	2.52756e-16	9.95146e-25	6.33753e-08	2.11838e-08	1.54064e-08	2.18793e-08	1.79393e-08	0.79081	0.666667	0.922195	1.02326	169.764	0.727273	0.272727	5.84444e-08
3.40823e-09	2.70953e-09	5.3615e-17	1.45272e-25	2.94933e-08	1.01601e-08	6.48886e-09	1.05385e-08	8.26225e-09	0.774551	0.75	0.933212	1.16667	173.598	0.638659	0.361341	2.75235e-08
2.97146e-09	2.76888e-09	6.89336e-17	1.90868e-25	2.94933e-08	1.05358e-08	7.96816e-09	1.05385e-08	9.36851e-09	0.995851	0.766667	0.98818	1.125	156.909	0.756293	0.243707	2.91447e-08
1.18333e-08	7.01936e-09	8.42521e-16	5.91396e-24	1.15206e-07	4.10186e-08	2.54855e-08	4.12818e-08	3.27526e-08	0.797707	0.746753	0.939847	1.01852	172.826	0.621317	0.378683	1.08276e-07
5.73138e-09	3.84955e-09	3.02542e-16	1.16465e-24	6.89104e-08	2.45967e-08	1.70285e-08	2.55155e-08	1.96267e-08	0.800619	0.614286	0.956162	1.01935	165.203	0.692308	0.307692	6.58895e-08
5.20258e-09	3.55137e-09	3.40838e-16	1.21044e-24	7.55918e-08	2.21934e-08	1.93989e-08	2.29055e-08	2.08319e-08	0.749564	0.652778	0.921658	1.04706	135.56	0.874086	0.125914	6.96698e-08
4.09291e-09	3.11986e-09	1.37867e-16	4.30127e-25	4.28562e-08	1.57771e-08	1.04073e-08	1.57774e-08	1.32491e-08	0.943288	0.777778	0.983731	1.10769	173.246	0.659647	0.340353	4.21589e-08
2.59861e-09	2.40806e-09	1.14889e-17	2.76661e-26	1.72768e-08	5.86798e-09	3.97305e-09	6.18841e-09	3.82468e-09	0.483687	0.666667	0.959643	0.75	1.78817	0.677073	0.322927	1.65795e-08
4.6394e-09	3.32572e-09	1.49356e-16	4.96716e-25	4.677e-08	1.4814e-08	1.31105e-08	1.49037e-08	1.37901e-08	0.858019	0.703125	0.940438	1.04	150.512	0.885011	0.114989	4.39843e-08
3.23751e-09	2.72592e-09	4.59557e-17	1.25272e-25	2.55794e-08	8.74994e-09	7.91035e-09	8.75173e-09	7.64935e-09	0.88261	0.72	0.986371	1	154.594	0.904046	0.0959544	2.52308e-08
2.3917e-09	2.26212e-09	1.14889e-17	2.59893e-26	1.45092e-08	6.09279e-09	2.50455e-09	6.18841e-09	3.82468e-09	0.685805	0.875	1	1.2	8.34962	0.411069	0.588931	1.45092e-08
2.33286e-09	2.28853e-09	1.53186e-17	3.50569e-26	1.33629e-08	3.91389e-09	3.91389e-09	4.37587e-09	4.41636e-09	1.07802	0.777778	1	1.33333	180	1	0	1.33629e-08
3.34287e-09	2.72301e-09	4.97853e-17	1.35566e-25	2.78721e-08	1.10702e-08	6.91885e-09	1.10702e-08	7.9617e-09	0.805327	0.84	1	0.962963	135	0.625	0.375	2.78721e-08
5.61224e-09	4.10064e-09	3.29349e-16	1.35054e-24	6.84355e-08	2.37151e-08	1.67295e-08	2.42061e-08	2.04778e-08	0.883696	0.707692	0.954389	1.06173	154.404	0.705438	0.294562	6.53141e-08
2.39533e-09	2.29977e-09	1.91482e-17	4.40365e-26	2.2337e-08	8.30262e-09	5.53508e-09	8.30262e-09	4.93764e-09	0.482267	0.75	0.948679	0.714286	135	0.666667	0.333333	2.11907e-08
2.55883e-09	2.59688e-09	2.29779e-17	5.96706e-26	2.00443e-08	8.06814e-09	4.77963e-09	8.0687e-09	5.40891e-09	0.718683	0.733333	0.982607	1	165.286	0.592409	0.407591	1.96957e-08
5.73686e-09	3.79585e-09	3.86794e-16	1.46821e-24	9.28686e-08	3.05546e-08	1.917e-08	3.05685e-08	2.21919e-08	0.563575	0.587912	0.845771	0.926606	138.466	0.627403	0.372597	7.85456e-08
4.93381e-09	3.53654e-09	2.56586e-16	9.07428e-25	5.94614e-08	1.89343e-08	1.74324e-08	1.96671e-08	1.80747e-08	0.911953	0.645455	0.95263	1.072	158.6	0.920679	0.0793213	5.66447e-08
3.89467e-09	3.00131e-09	1.53186e-16	4.59758e-25	4.56237e-08	1.48258e-08	1.2355e-08	1.52842e-08	1.39657e-08	0.924799	0.6875	0.964351	1.11111	150.943	0.833341	0.166659	4.39973e-08
2.5573e-09	2.36786e-09	1.91482e-17	4.53404e-26	2.00443e-08	8.0604e-09	3.83618e-09	8.0687e-09	4.93764e-09	0.598902	0.666667	0.975403	0.909091	168.563	0.475929	0.524071	1.95513e-08
2.72766e-09	2.60529e-09	4.59557e-17	1.19728e-25	2.55794e-08	9.97733e-09	6.12807e-09	9.97851e-09	7.64935e-09	0.88261	0.666667	0.972742	1.14286	169.573	0.614199	0.385801	2.48821e-08
2.4335e-09	2.31555e-09	7.65928e-18	1.77355e-26	1.72768e-08	6.17284e-09	4.36486e-09	6.18841e-09	3.12284e-09	0.322458	0.583333	0.933648	0.571429	157.5	0.707107	0.292893	1.61304e-08
2.40265e-09	2.28052e-09	1.91482e-17	4.36679e-26	2.00443e-08	6.93872e-09	5.39471e-09	7.05587e-09	4.93764e-09	0.598902	0.625	0.965215	0.909091	113.234	0.777479	0.222521	1.93471e-08
2.46402e-09	2.2465e-09	1.53186e-17	3.44132e-26	1.45092e-08	5.53508e-09	4.15131e-09	5.53508e-09	4.41636e-09	0.914407	0.888889	1	1.14286	45	0.75	0.25	1.45092e-08
3.88762e-09	3.12333e-09	1.26378e-16	3.94721e-25	4.28562e-08	1.49021e-08	1.23477e-08	1.49037e-08	1.2685e-08	0.86468	0.732143	0.970184	1	22.3649	0.82859	0.17141	4.15784e-08
2.71091e-09	2.53066e-09	5.3615e-17	1.35681e-25	3.11145e-08	9.7452e-09	8.32339e-09	9.78474e-09	8.26225e-09	0.695939	0.633333	0.918033	0.965517	121.717	0.854102	0.145898	2.85641e-08
6.09443e-09	4.17741e-09	3.14031e-16	1.31183e-24	7.00567e-08	2.47173e-08	1.66506e-08	2.47536e-08	1.99959e-08	0.804048	0.676923	0.922506	1.03797	164.672	0.673643	0.326357	6.46278e-08
3.99574e-09	3.36524e-09	2.1446e-16	7.21709e-25	5.6219e-08	2.04076e-08	1.30266e-08	2.04311e-08	1.65245e-08	0.852687	0.704545	0.950679	1.0566	160.548	0.638321	0.361679	5.34462e-08
3.12596e-09	2.57888e-09	8.04225e-17	2.074e-25	3.89423e-08	1.13881e-08	1.13881e-08	1.17417e-08	1.01191e-08	0.666415	0.642857	0.894659	0.933333	117.344	1	2.28918e-10	3.484e-08
3.24988e-09	3.04822e-09	3.10201e-16	9.4556e-25	6.89104e-08	2.22864e-08	1.73961e-08	2.28217e-08	1.98736e-08	0.820888	0.659091	0.941453	1.03185	40.6559	0.78057	0.21943	6.48759e-08
2.36993e-09	2.52582e-09	4.21261e-17	1.06403e-25	2.55794e-08	7.99147e-09	6.03639e-09	8.75173e-09	7.3237e-09	0.809059	0.75	0.922992	1.1	2.50656	0.755355	0.244645	2.36096e-08
3.15071e-09	2.71653e-09	4.97853e-17	1.35243e-25	2.78721e-08	9.8612e-09	5.9873e-09	1.05385e-08	7.9617e-09	0.805327	0.75	0.969803	1.08333	178.852	0.607158	0.392842	2.70304e-08
2.57419e-09	2.38579e-09	4.21261e-17	1.00504e-25	2.39582e-08	9.74884e-09	6.01678e-09	9.78474e-09	7.3237e-09	0.922258	0.8	1	1.15789	31.9606	0.617179	0.382821	2.39582e-08
4.35439e-09	3.21874e-09	1.76164e-16	5.67025e-25	5.00124e-08	1.59295e-08	1.38148e-08	1.61374e-08	1.49766e-08	0.885055	0.694444	0.933927	1.08235	175.17	0.867242	0.132758	4.67079e-08
3.67389e-09	2.71007e-09	1.64675e-16	4.46279e-25	5.94614e-08	2.11467e-08	1.09409e-08	2.11676e-08	1.448e-08	0.585283	0.46	0.891665	0.945055	143.765	0.51738	0.48262	5.30196e-08
5.86164e-09	4.14161e-09	3.75305e-16	1.55437e-24	8.17984e-08	2.7767e-08	1.95874e-08	2.78134e-08	2.18599e-08	0.704862	0.75	0.881404	1	137.397	0.70542	0.29458	7.20974e-08
2.41899e-09	2.2417e-09	1.91482e-17	4.29246e-26	1.8898e-08	5.87084e-09	3.91389e-09	6.18841e-09	4.93764e-09	0.673765	0.75	0.914214	1	1.87556e-09	0.666667	0.333333	1.72768e-08
2.9326e-09	2.49604e-09	4.21261e-17	1.05148e-25	2.55794e-08	9.91518e-09	6.18799e-09	9.97851e-09	7.3237e-09	0.809059	0.541667	0.93591	1.22222	17.7688	0.624093	0.375907	2.394e-08
2.90059e-09	2.39137e-09	4.97853e-17	1.19055e-25	2.83469e-08	9.78474e-09	7.82779e-09	9.78474e-09	7.9617e-09	0.778573	0.533333	0.947261	1.18182	180	0.8	0.2	2.6852e-08
2.44864e-09	2.37815e-09	5.3615e-17	1.27504e-25	2.94933e-08	1.10532e-08	7.13784e-09	1.14109e-08	8.26225e-09	0.774551	0.633333	0.980684	1.07692	131.83	0.645769	0.354231	2.89236e-08
3.10274e-09	2.75617e-09	8.42521e-17	2.32213e-25	3.73211e-08	1.38951e-08	8.74031e-09	1.41117e-08	1.03573e-08	0.760121	0.8	0.944874	1.07317	156.362	0.629021	0.370979	3.52637e-08
3.11833e-09	2.65484e-09	1.14889e-16	3.05013e-25	4.56237e-08	1.2591e-08	1.15632e-08	1.42468e-08	1.20947e-08	0.693599	0.625	0.88173	0.983607	156.801	0.918367	0.0816326	4.02278e-08
2.55118e-09	2.46994e-09	2.29779e-17	5.67538e-26	2.11907e-08	8.72678e-09	4.36339e-09	8.75173e-09	5.40891e-09	0.643029	0.733333	0.967097	1	157.763	0.5	0.5	2.04934e-08
4.28018e-09	3.29434e-09	2.02971e-16	6.68655e-25	5.34515e-08	1.83571e-08	1.52775e-08	1.84618e-08	1.60758e-08	0.892739	0.790123	0.978796	1	128.109	0.83224	0.16776	5.23181e-08
3.87352e-09	2.87381e-09	1.49356e-16	4.29221e-25	5.06839e-08	1.48838e-08	1.40212e-08	1.52842e-08	1.37901e-08	0.730621	0.703125	0.892775	1.01299	63.8441	0.942041	0.0579591	4.52493e-08
3.45878e-09	2.75241e-09	7.65928e-17	2.10815e-25	3.11145e-08	9.68639e-09	8.30262e-09	1.05385e-08	9.87527e-09	0.994199	0.722222	1	1.08108	45	0.857143	0.142857	3.11145e-08
5.07057e-09	3.71896e-09	2.33608e-16	8.68779e-25	6.06078e-08	2.01394e-08	1.41507e-08	2.0148e-08	1.72464e-08	0.799174	0.755556	0.917742	1.04274	152.62	0.702639	0.297361	5.56223e-08
2.26615e-09	2.3014e-09	3.82964e-17	8.81352e-26	2.51046e-08	5.87084e-09	7.82779e-09	8.30262e-09	6.98287e-09	0.763595	0.7	0.960722	1.11111	90	1.33333	-0.333333	2.41185e-08
6.92942e-09	4.50791e-09	4.90194e-16	2.20975e-24	8.73335e-08	2.743e-08	2.35458e-08	2.90921e-08	2.49827e-08	0.807637	0.707692	0.932584	1.01587	172.936	0.858396	0.141604	8.14459e-08
2.22458e-09	2.18671e-09	1.14889e-17	2.5123e-26	1.45092e-08	6.09279e-09	2.50455e-09	6.18841e-09	3.82468e-09	0.685805	0.875	1	1.2	8.34962	0.411069	0.588931	1.45092e-08
4.43403e-09	3.21423e-09	2.02971e-16	6.52395e-25	5.85117e-08	1.96082e-08	1.38259e-08	1.96671e-08	1.60758e-08	0.745003	0.681818	0.927247	1	178.725	0.705107	0.294893	5.42549e-08
2.36251e-09	2.35734e-09	1.14889e-17	2.70833e-26	1.45092e-08	6.09279e-09	2.50455e-09	6.18841e-09	3.82468e-09	0.685805	0.875	1	1.2	8.34962	0.411069	0.588931	1.45092e-08
3.47667e-09	3.02883e-09	1.60845e-16	4.87173e-25	4.95376e-08	1.65025e-08	1.2931e-08	1.68343e-08	1.43106e-08	0.823659	0.666667	0.94903	1.03704	155.857	0.783577	0.216423	4.70126e-08
2.85389e-09	2.76414e-09	8.42521e-17	2.32885e-25	3.84674e-08	1.42332e-08	8.97811e-09	1.42468e-08	1.03573e-08	0.715492	0.675	0.943011	1.04762	166.558	0.630786	0.369214	3.62752e-08
2.61546e-09	2.38262e-09	3.06371e-17	7.29966e-26	2.39582e-08	9.97525e-09	4.52543e-09	9.97851e-09	6.24567e-09	0.670733	0.777778	0.985449	1	170.156	0.453666	0.546334	2.36096e-08
2.69356e-09	2.36659e-09	2.68075e-17	6.34425e-26	2.28118e-08	9.97429e-09	4.69282e-09	9.97851e-09	5.84229e-09	0.647359	0.722222	1	1	167.023	0.470492	0.529508	2.28118e-08
3.33017e-09	2.78745e-09	8.80818e-17	2.45524e-25	3.89423e-08	1.29536e-08	9.78335e-09	1.31276e-08	1.05901e-08	0.729884	0.690476	0.911028	1	144.096	0.755262	0.244738	3.54775e-08
2.45203e-09	2.54409e-09	1.64675e-16	4.18947e-25	6.51932e-08	2.07218e-08	1.07432e-08	2.1077e-08	1.448e-08	0.486892	0.623377	1.03543	0.955556	78.7324	0.518453	0.481547	6.7503e-08
5.03376e-09	3.38496e-09	2.56586e-16	8.68533e-25	6.72892e-08	2.61065e-08	1.52049e-08	2.61089e-08	1.80747e-08	0.712118	0.595238	0.956406	1	166.219	0.58242	0.41758	6.43558e-08
2.84814e-09	2.58801e-09	7.27632e-17	1.88312e-25	3.06396e-08	1.0508e-08	8.75152e-09	1.05385e-08	9.62523e-09	0.97399	0.766667	0.972531	1.15152	26.1595	0.832842	0.167158	2.9798e-08
2.41796e-09	2.32237e-09	3.82964e-17	8.89386e-26	2.67257e-08	1.04873e-08	6.72783e-09	1.05385e-08	6.98287e-09	0.673765	0.625	0.963105	1	163.85	0.641524	0.358476	2.57397e-08
3.153e-09	2.75601e-09	1.1106e-16	3.06081e-25	4.28562e-08	1.50351e-08	1.06648e-08	1.52842e-08	1.18914e-08	0.759871	0.75	0.934398	1.01754	150.554	0.709324	0.290676	4.00447e-08
2.56785e-09	2.52291e-09	1.14889e-17	2.89856e-26	1.72768e-08	8.05662e-09	2.66178e-09	8.0687e-09	3.82468e-09	0.483687	0.8	1	1	169.099	0.330385	0.669615	1.72768e-08
4.32702e-09	3.20433e-09	1.95312e-16	6.25842e-25	5.34515e-08	1.82085e-08	1.39806e-08	1.84618e-08	1.57695e-08	0.859051	0.728395	0.953584	1.02	131.507	0.767806	0.232194	5.09705e-08
3.93203e-09	3.20104e-09	2.1446e-16	6.86494e-25	5.50727e-08	1.84203e-08	1.45418e-08	1.85652e-08	1.65245e-08	0.888554	0.655556	0.94895	1.09804	144.15	0.789447	0.210553	5.22612e-08
2.70268e-09	2.5061e-09	7.27632e-17	1.82352e-25	3.50284e-08	1.0701e-08	8.02572e-09	1.14109e-08	9.62523e-09	0.745216	0.638889	0.933813	1.15152	120.161	0.75	0.25	3.27099e-08
5.00971e-09	3.735e-09	2.98712e-16	1.11569e-24	6.5668e-08	2.34559e-08	1.74329e-08	2.36459e-08	1.95021e-08	0.870473	0.725	0.964148	1.02632	148.289	0.74322	0.25678	6.33137e-08
2.99534e-09	2.90963e-09	1.0723e-16	3.11999e-25	4.00886e-08	1.51644e-08	9.7579e-09	1.52842e-08	1.16846e-08	0.838463	0.708333	0.970309	1.07692	147.375	0.643475	0.356525	3.88983e-08
2.25696e-09	2.39763e-09	5.3615e-17	1.28549e-25	3.27357e-08	1.05356e-08	7.19796e-09	1.05385e-08	8.26225e-09	0.628715	0.566667	0.833986	1.03704	113.141	0.683203	0.316797	2.73011e-08
3.30852e-09	2.77052e-09	1.34037e-16	3.71354e-25	4.72449e-08	1.54143e-08	1.20684e-08	1.61374e-08	1.30638e-08	0.754617	0.634921	0.902399	1.06061	148.747	0.782933	0.217067	4.26337e-08
3.32043e-09	2.68856e-09	1.37867e-16	3.70664e-25	4.28562e-08	1.52493e-08	1.09318e-08	1.52842e-08	1.32491e-08	0.943288	0.714286	0.965419	1.125	144.068	0.716872	0.283128	4.13741e-08
3.35344e-09	2.79568e-09	2.29779e-16	6.42388e-25	6.22289e-08	2.23092e-08	1.29157e-08	2.23126e-08	1.71045e-08	0.745649	0.581818	0.916954	1.05263	126.873	0.57894	0.42106	5.70611e-08
5.14535e-09	3.69095e-09	2.83394e-16	1.04599e-24	6.45216e-08	2.34091e-08	1.53493e-08	2.35648e-08	1.89955e-08	0.855439	0.683761	0.956038	1.04965	168.647	0.655696	0.344304	6.16852e-08
2.62806e-09	2.42485e-09	4.97853e-17	1.20722e-25	2.83469e-08	8.31488e-09	7.7441e-09	8.75173e-09	7.9617e-09	0.778573	0.68	0.918212	1.08333	98.3856	0.931354	0.0686457	2.60285e-08
2.19373e-09	2.26961e-09	2.29779e-17	5.21508e-26	1.72768e-08	7.03718e-09	4.37006e-09	7.05587e-09	5.40891e-09	0.967374	0.75	1	1.5	150.482	0.620996	0.379004	1.72768e-08
5.80931e-09	3.88037e-09	2.75734e-16	1.06995e-24	6.79607e-08	2.57344e-08	1.48408e-08	2.57396e-08	1.8737e-08	0.750213	0.705357	0.945488	1.02857	170.096	0.576692	0.423308	6.42561e-08
2.94787e-09	2.74186e-09	8.04225e-17	2.20507e-25	3.45535e-08	1.23205e-08	9.38452e-09	1.23768e-08	1.01191e-08	0.846452	0.8	0.975642	1.02439	167.034	0.761701	0.238299	3.37119e-08
2.45226e-09	2.46304e-09	4.21261e-17	1.03758e-25	3.34072e-08	1.13427e-08	6.96918e-09	1.14109e-08	7.3237e-09	0.474331	0.75	0.847758	0.846154	155.301	0.614418	0.385582	2.83212e-08
2.72406e-09	2.37979e-09	2.68075e-17	6.37963e-26	2.67257e-08	9.64337e-09	6.15975e-09	9.78474e-09	5.84229e-09	0.471636	0.7	0.913251	0.777778	117.119	0.638755	0.361245	2.44073e-08
4.68088e-09	3.33785e-09	2.45097e-16	8.18096e-25	6.84355e-08	2.36259e-08	1.59783e-08	2.38073e-08	1.76654e-08	0.657635	0.581197	0.89026	1.04065	157.911	0.676302	0.323698	6.09254e-08
4.47226e-09	3.32139e-09	2.25949e-16	7.50464e-25	6.01329e-08	1.84379e-08	1.52986e-08	1.92737e-08	1.69613e-08	0.785228	0.722222	0.91724	1.01724	172.973	0.829735	0.170265	5.51563e-08
3.11132e-09	2.54912e-09	8.42521e-17	2.14769e-25	3.77959e-08	1.1359e-08	8.75022e-09	1.25306e-08	1.03573e-08	0.741142	0.619048	0.910254	1.02326	64.5	0.770332	0.229668	3.44039e-08
3.07967e-09	2.56895e-09	1.034e-16	2.6563e-25	3.73211e-08	1.40527e-08	9.77838e-09	1.41117e-08	1.1474e-08	0.932875	0.738095	0.977448	1.17391	141.065	0.695839	0.304161	3.64794e-08
2.22579e-09	2.28574e-09	8.04225e-17	1.83825e-25	5.34515e-08	1.57296e-08	8.18308e-09	1.57774e-08	1.01191e-08	0.353727	0.622222	0.758402	0.893617	2.66343	0.520234	0.479766	4.05377e-08
2.37808e-09	2.21847e-09	4.21261e-17	9.34555e-26	2.83469e-08	1.08455e-08	5.9775e-09	1.10702e-08	7.3237e-09	0.658793	0.64	0.925416	1	123.437	0.551151	0.448849	2.62327e-08
2.98022e-09	2.5363e-09	8.04225e-17	2.03976e-25	3.34072e-08	1.22568e-08	8.05288e-09	1.23768e-08	1.01191e-08	0.90554	0.742857	0.974806	1.10526	100.448	0.657016	0.342984	3.25655e-08
2.47112e-09	2.50284e-09	4.97853e-17	1.24605e-25	3.34072e-08	9.95525e-09	8.58082e-09	9.97851e-09	7.9617e-09	0.560573	0.633333	0.861972	0.896552	105.223	0.86194	0.13806	2.8796e-08
2.72378e-09	2.59434e-09	6.12743e-17	1.58966e-25	3.22608e-08	9.96647e-09	8.3201e-09	9.97851e-09	8.83271e-09	0.739839	0.733333	0.917328	0.969697	81.5046	0.834809	0.165191	2.95938e-08
2.98709e-09	2.77725e-09	8.80818e-17	2.44625e-25	3.73211e-08	1.41077e-08	9.7538e-09	1.41117e-08	1.05901e-08	0.794672	0.714286	0.968107	1.02222	147.687	0.691383	0.308617	3.61308e-08
3.81545e-09	3.23819e-09	2.02971e-16	6.57258e-25	5.89866e-08	1.8415e-08	1.65821e-08	1.84618e-08	1.60758e-08	0.733057	0.765432	0.900253	1.00952	117.925	0.900465	0.0995353	5.31029e-08
2.96525e-09	2.65052e-09	9.95707e-17	2.63914e-25	4.56237e-08	1.66205e-08	9.60888e-09	1.68343e-08	1.12595e-08	0.601119	0.729167	0.90732	0.928571	153.603	0.578134	0.421866	4.13953e-08
2.91578e-09	2.72172e-09	1.22549e-16	3.33543e-25	4.00886e-08	1.31276e-08	1.22456e-08	1.31276e-08	1.24913e-08	0.958244	0.795918	0.987702	1.06667	116.417	0.932816	0.0671838	3.95956e-08
2.4772e-09	2.31346e-09	1.91482e-17	4.42986e-26	1.8898e-08	7.9425e-09	3.57041e-09	8.0687e-09	4.93764e-09	0.673765	0.6	0.981552	1.11111	155.817	0.449533	0.550467	1.85493e-08
2.85038e-09	2.41477e-09	3.06371e-17	7.39816e-26	2.00443e-08	6.57383e-09	5.93131e-09	7.05587e-09	6.24567e-09	0.958244	0.6875	0.982607	1.33333	35.0084	0.902261	0.0977388	1.96957e-08
6.24065e-09	4.46899e-09	4.67216e-16	2.08799e-24	8.34196e-08	2.98835e-08	2.04624e-08	2.99355e-08	2.43901e-08	0.843707	0.715909	0.941572	1.06087	172.068	0.68474	0.31526	7.85456e-08
3.14052e-09	2.74688e-09	9.19114e-17	2.5247e-25	4.00886e-08	1.31275e-08	1.22634e-08	1.31276e-08	1.08178e-08	0.718683	0.809524	0.947261	0.923077	26.8078	0.934181	0.0658192	3.79744e-08
2.75889e-09	2.4598e-09	1.14889e-17	2.82605e-26	1.84231e-08	7.96253e-09	2.43451e-09	8.0687e-09	3.82468e-09	0.425366	0.9	1	0.857143	175.269	0.305746	0.694254	1.84231e-08
