PAZCenter	PAZAverage	PAArea	PAVolume	PAPerimeter	PALength	PAWidth	PAMaxDistance	PACEDiameter	PACircularity	PARectangularity	PAConvexity	PASolidity	PAMajorAngle	PAAspectRatio	PAElongation	PAHullPerimeter
2.91741e-09	2.11817e-09	1.21744e-16	2.57875e-25	4.07289e-08	1.45848e-08	1.13739e-08	1.48779e-08	1.24503e-08	0.922258	0.85	1	1.04762	15.1716	0.779848	0.220152	4.07289e-08
3.65296e-09	3.05003e-09	5.53383e-17	1.68784e-25	3.60241e-08	1.66287e-08	3.49473e-09	1.66341e-08	8.39398e-09	0.535857	0.583333	0.960282	2	1.45542	0.210163	0.789837	3.45933e-08
8.2749e-09	5.51556e-09	2.76692e-16	1.52611e-24	7.00994e-08	3.00417e-08	1.06927e-08	3.01255e-08	1.87695e-08	0.707582	0.825	1	1.11111	177.936	0.35593	0.64407	7.00994e-08
1.84682e-09	1.47617e-09	4.42707e-17	6.5351e-26	2.66145e-08	6.65362e-09	6.65362e-09	9.40964e-09	7.50781e-09	0.785398	1	1	1	180	1	0	2.66145e-08
1.39969e-09	1.18054e-09	3.3203e-17	3.91974e-26	2.27169e-08	6.65362e-09	6.65362e-09	7.43897e-09	6.50195e-09	0.808518	0.777778	1	1	90	1	-2.22045e-16	2.27169e-08
1.71051e-09	1.68319e-09	8.85413e-17	1.49032e-25	3.21265e-08	9.98043e-09	9.98043e-09	1.05203e-08	1.06176e-08	1.07802	0.75	1	1.14286	90	1	0	3.21265e-08
1.39162e-09	1.32804e-09	5.53383e-17	7.34916e-26	2.54729e-08	9.80035e-09	6.53356e-09	9.98043e-09	8.39398e-09	1.07171	0.583333	0.976734	1.42857	10.9007	0.666667	0.333333	2.48802e-08
1.99256e-09	1.53839e-09	4.42707e-17	6.81053e-26	2.66145e-08	6.65362e-09	6.65362e-09	9.40964e-09	7.50781e-09	0.785398	1	1	1	180	1	0	2.66145e-08
3.31486e-09	2.31766e-09	1.32812e-16	3.07813e-25	4.3485e-08	1.48749e-08	1.34476e-08	1.48779e-08	1.30039e-08	0.88261	0.72	0.986371	1	154.594	0.904046	0.0959544	4.28923e-08
1.50655e-09	1.2633e-09	3.3203e-17	4.19454e-26	2.27169e-08	7.43897e-09	5.95118e-09	7.43897e-09	6.50195e-09	0.808518	0.666667	0.973911	1.2	26.5651	0.8	0.2	2.21242e-08
6.54117e-09	4.17671e-09	3.98436e-16	1.66415e-24	7.48043e-08	2.4179e-08	2.05322e-08	2.53362e-08	2.25234e-08	0.894779	0.803571	0.976232	1.01408	174.185	0.849178	0.150822	7.30263e-08
1.69721e-09	1.43241e-09	5.53383e-17	7.9267e-26	2.54729e-08	9.98043e-09	6.65362e-09	9.98043e-09	8.39398e-09	1.07171	0.666667	1	1.25	90	0.666667	0.333333	2.54729e-08
3.30099e-09	2.45312e-09	2.21353e-16	5.43005e-25	5.67922e-08	1.91847e-08	1.66439e-08	1.93985e-08	1.6788e-08	0.862419	0.722222	0.958258	1.02564	112.449	0.867563	0.132437	5.44216e-08
3.67888e-09	2.342e-09	1.66015e-16	3.88807e-25	4.73826e-08	1.64669e-08	1.41145e-08	1.66341e-08	1.45388e-08	0.929223	0.88	1	1.03448	134.999	0.857146	0.142854	4.73826e-08
3.07691e-09	1.99888e-09	1.4388e-16	2.87598e-25	4.54338e-08	1.65414e-08	1.20104e-08	1.66341e-08	1.35349e-08	0.875895	0.8	1	1	137.08	0.726083	0.273917	4.54338e-08
1.51212e-09	1.23217e-09	2.21353e-17	2.72745e-26	1.99609e-08	6.65362e-09	3.32681e-09	7.43897e-09	5.30882e-09	0.698132	1	1	1	90	0.5	0.5	1.99609e-08
4.01733e-09	2.77904e-09	2.43489e-16	6.76666e-25	5.67922e-08	1.93975e-08	1.65624e-08	1.93985e-08	1.76074e-08	0.948661	0.777778	0.979129	1.07317	148.449	0.853846	0.146154	5.56069e-08
2.32794e-09	1.66302e-09	1.21744e-16	2.02463e-25	3.87801e-08	1.36731e-08	1.03916e-08	1.37168e-08	1.24503e-08	1.01728	0.75	0.984718	1.15789	80.5377	0.76	0.24	3.81875e-08
2.1997e-09	1.7697e-09	3.3203e-17	5.87593e-26	2.27169e-08	9.98043e-09	3.32681e-09	9.98043e-09	6.50195e-09	0.808518	0.75	1	1.5	180	0.333333	0.666667	2.27169e-08
2.20755e-09	1.76421e-09	6.6406e-17	1.17154e-25	3.40753e-08	1.19658e-08	9.93182e-09	1.1995e-08	9.19515e-09	0.718683	0.6875	0.965215	0.923077	142.31	0.830019	0.169981	3.289e-08
1.80487e-09	1.52578e-09	6.6406e-17	1.01321e-25	2.74217e-08	1.05147e-08	7.39456e-09	1.05203e-08	9.19515e-09	1.10976	0.75	1	1.33333	20.3006	0.703257	0.296743	2.74217e-08
3.4913e-09	2.1859e-09	1.4388e-16	3.14507e-25	4.73826e-08	1.59929e-08	1.36182e-08	1.66341e-08	1.35349e-08	0.805327	0.8	0.974984	0.962963	69.0899	0.851516	0.148484	4.61972e-08
2.78371e-09	2.02231e-09	1.66015e-16	3.35734e-25	4.54338e-08	1.65414e-08	1.20104e-08	1.66341e-08	1.45388e-08	1.01065	0.8	1	1.15385	137.08	0.726083	0.273917	4.54338e-08
1.67947e-09	1.36236e-09	3.3203e-17	4.52344e-26	2.27169e-08	9.40964e-09	4.70482e-09	9.40964e-09	6.50195e-09	0.808518	0.777778	1	1	135	0.5	0.5	2.27169e-08
2.60818e-09	1.91742e-09	2.21353e-17	4.24427e-26	2.46657e-08	1.03577e-08	4.25774e-09	1.05203e-08	5.30882e-09	0.457204	0.875	1	0.8	171.65	0.411069	0.588931	2.46657e-08
4.54756e-09	2.89624e-09	1.8815e-16	5.44929e-25	5.20874e-08	1.92925e-08	1.48722e-08	1.93985e-08	1.54777e-08	0.871465	0.833333	1	1	155.028	0.770879	0.229121	5.20874e-08
2.45038e-09		0	0	3.32681e-08	1.66341e-08	3.05563e-24	1.66341e-08	0	0	1	1		180	1.83697e-16	1	3.32681e-08
3.20231e-09	2.19014e-09	1.8815e-16	4.12075e-25	5.20874e-08	1.65498e-08	1.65498e-08	1.69635e-08	1.54777e-08	0.871465	0.766667	0.965866	1.0303	148.901	1	-3.00515e-09	5.03094e-08
2.50575e-09	2.04406e-09	1.32812e-16	2.71476e-25	4.73826e-08	1.62181e-08	1.48634e-08	1.66341e-08	1.30039e-08	0.743379	0.76	0.969803	0.923077	114.029	0.91647	0.0835298	4.59518e-08
1.70687e-09	1.34292e-09	3.3203e-17	4.4589e-26	2.27169e-08	6.65362e-09	6.65362e-09	7.43897e-09	6.50195e-09	0.808518	0.777778	1	1	90	1	-2.22045e-16	2.27169e-08
3.96173e-09	2.75542e-09	1.54947e-16	4.26945e-25	4.54338e-08	1.67485e-08	1.02263e-08	1.69635e-08	1.40458e-08	0.943271	0.708333	0.986956	1.33333	92.1797	0.610577	0.389423	4.48411e-08
1.61433e-09	1.37635e-09	4.42707e-17	6.09321e-26	2.27169e-08	6.65362e-09	6.65362e-09	7.43897e-09	7.50781e-09	1.07802	0.777778	1	1.33333	1.27629e-09	1	0	2.27169e-08
3.47686e-09	2.28822e-09	2.32421e-16	5.3183e-25	5.28946e-08	1.64213e-08	1.62744e-08	1.69635e-08	1.72025e-08	1.04391	0.666667	0.977591	1.2	117.697	0.99105	0.00895042	5.17093e-08
2.27576e-09	1.82569e-09	7.74737e-17	1.41443e-25	3.21265e-08	1.05203e-08	9.46827e-09	1.05203e-08	9.93189e-09	0.943271	0.6875	0.981552	1.07692	161.565	0.9	0.1	3.15339e-08
2.93184e-09	1.89985e-09	1.32812e-16	2.52323e-25	4.3485e-08	1.48749e-08	1.34476e-08	1.48779e-08	1.30039e-08	0.88261	0.72	0.986371	1	115.406	0.904046	0.0959544	4.28923e-08
3.22095e-09	2.29713e-09	1.66015e-16	3.81358e-25	4.73826e-08	1.59929e-08	1.36182e-08	1.66341e-08	1.45388e-08	0.929223	0.8	0.974984	1.11111	159.09	0.851516	0.148484	4.61972e-08
1.77042e-09	1.46763e-09	3.3203e-17	4.87299e-26	2.66145e-08	9.98043e-09	3.32681e-09	1.05203e-08	6.50195e-09	0.589049	1	1	1	90	0.333333	0.666667	2.66145e-08
2.64024e-09	1.95876e-09	9.9609e-17	1.9511e-25	3.60241e-08	9.98043e-09	9.98043e-09	1.1995e-08	1.12617e-08	0.964543	0.875	1	1.125	180	1	0	3.60241e-08
3.30019e-09	2.12173e-09	1.4388e-16	3.05274e-25	4.54338e-08	1.48778e-08	1.34032e-08	1.48779e-08	1.35349e-08	0.875895	0.72	0.960867	1.04	63.6879	0.900883	0.099117	4.36558e-08
1.71108e-09	1.49764e-09	5.53383e-17	8.28769e-26	2.93705e-08	9.98043e-09	6.65362e-09	1.05203e-08	8.39398e-09	0.806145	0.833333	1	1	90	0.666667	0.333333	2.93705e-08
1.61501e-09	1.36016e-09	3.3203e-17	4.51615e-26	2.07681e-08	7.05723e-09	4.70482e-09	7.43897e-09	6.50195e-09	0.967374	0.666667	1	1.2	135	0.666667	0.333333	2.07681e-08
1.55567e-09	1.37979e-09	5.53383e-17	7.63554e-26	2.54729e-08	9.98043e-09	6.65362e-09	9.98043e-09	8.39398e-09	1.07171	0.666667	1	1.25	180	0.666667	0.333333	2.54729e-08
5.34121e-09	3.49963e-09	2.54556e-16	8.90853e-25	5.8741e-08	1.99609e-08	1.33072e-08	2.10406e-08	1.80031e-08	0.927067	0.771429	0.979821	1.21053	90	0.666667	0.333333	5.75557e-08
2.17503e-09	1.7124e-09	8.85413e-17	1.51618e-25	3.21265e-08	1.05203e-08	9.46827e-09	1.05203e-08	1.06176e-08	1.07802	0.6875	0.981552	1.23077	161.565	0.9	0.1	3.15339e-08
1.44994e-09	1.36566e-09	3.3203e-17	4.53439e-26	2.07681e-08	7.05723e-09	4.70482e-09	7.43897e-09	6.50195e-09	0.967374	0.666667	1	1.2	135	0.666667	0.333333	2.07681e-08
2.61034e-09	1.74958e-09	1.32812e-16	2.32365e-25	3.95874e-08	1.33902e-08	1.19024e-08	1.37168e-08	1.30039e-08	1.06496	0.56	0.985029	1.33333	63.4349	0.888889	0.111111	3.89947e-08
3.44571e-09	2.31804e-09	1.8815e-16	4.36139e-25	5.20874e-08	1.69568e-08	1.36345e-08	1.79154e-08	1.54777e-08	0.871465	0.8	0.988622	1.0303	177.027	0.804071	0.195929	5.14947e-08
3.82031e-09	2.54624e-09	2.43489e-16	6.19982e-25	5.48434e-08	1.75418e-08	1.66057e-08	1.79154e-08	1.76074e-08	1.01728	0.75	0.989194	1.12821	123.523	0.946634	0.0533663	5.42507e-08
5.2705e-09	3.35204e-09	3.43098e-16	1.15008e-24	7.28555e-08	2.42117e-08	1.79467e-08	2.53362e-08	2.09008e-08	0.812276	0.8125	0.945902	1.01639	6.06376	0.741242	0.258758	6.89141e-08
2.18526e-09	1.14048e-09	2.21353e-17	2.52449e-26	2.93705e-08	1.32696e-08	3.8172e-09	1.33072e-08	5.30882e-09	0.322458	0.7	0.979821	0.8	175.692	0.287664	0.712336	2.87778e-08
2.94412e-09	2.07025e-09	1.8815e-16	3.89517e-25	5.01386e-08	1.68492e-08	1.38033e-08	1.69635e-08	1.54777e-08	0.940526	0.733333	0.976359	1.09677	85.345	0.819229	0.180771	4.89533e-08
2.66536e-09	1.84625e-09	1.21744e-16	2.2477e-25	4.07289e-08	1.45848e-08	1.13739e-08	1.48779e-08	1.24503e-08	0.922258	0.85	1	1.04762	105.172	0.779848	0.220152	4.07289e-08
2.75813e-09	1.90899e-09	1.4388e-16	2.74664e-25	4.54338e-08	1.66773e-08	1.17397e-08	1.69635e-08	1.35349e-08	0.875895	0.708333	0.973911	1.18182	21.849	0.703935	0.296065	4.42484e-08
3.62181e-09	2.51384e-09	2.76692e-16	6.95559e-25	5.95482e-08	1.9562e-08	1.69634e-08	2.02362e-08	1.87695e-08	0.980547	0.666667	0.96602	1.16279	11.4736	0.867162	0.132838	5.75248e-08
1.98813e-09	1.55135e-09	5.53383e-17	8.58489e-26	2.93705e-08	9.98043e-09	6.65362e-09	1.05203e-08	8.39398e-09	0.806145	0.833333	1	1	1.70116e-09	0.666667	0.333333	2.93705e-08
1.8176e-09	1.56394e-09	5.53383e-17	8.65459e-26	2.74217e-08	1.05147e-08	7.39456e-09	1.05203e-08	8.39398e-09	0.924799	0.75	1	1.11111	159.699	0.703257	0.296743	2.74217e-08
2.55281e-09	1.90835e-09	8.85413e-17	1.68968e-25	3.68313e-08	1.37013e-08	1.04391e-08	1.37168e-08	1.06176e-08	0.820202	0.65	0.983909	1	168.69	0.761905	0.238095	3.62387e-08
1.89479e-09	1.52804e-09	8.85413e-17	1.35295e-25	3.21265e-08	9.98043e-09	9.98043e-09	1.05203e-08	1.06176e-08	1.07802	0.75	1	1.14286	180	1	0	3.21265e-08
3.30576e-09	2.25881e-09	2.76692e-16	6.24993e-25	5.75994e-08	1.99257e-08	1.68021e-08	2.02362e-08	1.87695e-08	1.04802	0.666667	0.979421	1.19048	3.39996	0.843235	0.156765	5.64141e-08
2.65229e-09	1.86746e-09	1.4388e-16	2.6869e-25	4.54338e-08	1.33072e-08	1.33072e-08	1.48779e-08	1.35349e-08	0.875895	0.76	0.973911	1	180	1	0	4.42484e-08
4.91125e-09	2.83042e-09	3.65233e-16	1.03376e-24	6.89579e-08	2.42084e-08	2.01668e-08	2.42195e-08	2.15645e-08	0.965189	0.696429	0.982811	1.08197	165.79	0.833047	0.166953	6.77725e-08
2.30247e-09	1.71301e-09	7.74737e-17	1.32713e-25	3.60241e-08	1.33072e-08	6.65362e-09	1.37168e-08	9.93189e-09	0.7502	0.866667	1	1	180	0.5	0.5	3.60241e-08
1.45515e-08	7.11659e-09	1.44986e-15	1.03181e-23	1.4766e-07	5.38265e-08	3.40564e-08	5.48672e-08	4.29654e-08	0.835628	0.737968	0.952985	1.048	177.141	0.632707	0.367293	1.40718e-07
1.76496e-09	1.35724e-09	3.3203e-17	4.50646e-26	2.27169e-08	6.65362e-09	6.65362e-09	7.43897e-09	6.50195e-09	0.808518	0.777778	1	1	180	1	-2.22045e-16	2.27169e-08
1.67606e-09	1.5728e-09	8.85413e-17	1.39258e-25	3.21265e-08	9.98043e-09	9.98043e-09	1.05203e-08	1.06176e-08	1.07802	0.75	1	1.14286	180	1	0	3.21265e-08
2.79826e-09	1.88871e-09	1.10677e-16	2.09036e-25	4.07289e-08	1.38209e-08	1.05059e-08	1.48779e-08	1.18709e-08	0.838416	0.8	0.985449	1	175.163	0.760148	0.239852	4.01363e-08
1.61262e-09	1.60007e-09	5.53383e-17	8.85453e-26	3.13193e-08	1.13672e-08	8.15479e-09	1.1995e-08	8.39398e-09	0.708944	0.916667	1	0.909091	105.071	0.717398	0.282602	3.13193e-08
1.72222e-09	1.51957e-09	1.77083e-16	2.6909e-25	5.67922e-08	2.08966e-08	1.30294e-08	2.10406e-08	1.50156e-08	0.689935	0.6	0.951641	0.969697	11.7286	0.623517	0.376483	5.40458e-08
2.19913e-09	1.86619e-09	1.21744e-16	2.27198e-25	3.87801e-08	1.33072e-08	9.98043e-09	1.37168e-08	1.24503e-08	1.01728	0.8	1	1.1	90	0.75	0.25	3.87801e-08
2.99335e-09	1.93955e-09	1.66015e-16	3.21994e-25	4.3485e-08	1.48749e-08	1.34476e-08	1.48779e-08	1.45388e-08	1.10326	0.72	0.986371	1.25	115.406	0.904046	0.0959544	4.28923e-08
2.26871e-09	1.77988e-09	9.9609e-17	1.77292e-25	3.60241e-08	9.98043e-09	9.98043e-09	1.1995e-08	1.12617e-08	0.964543	0.875	1	1.125	90	1	-2.22045e-16	3.60241e-08
1.6963e-09	1.45918e-09	3.3203e-17	4.84493e-26	2.27169e-08	9.40964e-09	4.70482e-09	9.40964e-09	6.50195e-09	0.808518	0.777778	1	1	135	0.5	0.5	2.27169e-08
1.96437e-09	1.59692e-09	7.74737e-17	1.23719e-25	3.60241e-08	1.12778e-08	1.04855e-08	1.1995e-08	9.93189e-09	0.7502	0.8125	0.983548	0.933333	103.776	0.929753	0.0702466	3.54315e-08
4.00539e-09	2.56615e-09	2.87759e-16	7.38433e-25	5.95482e-08	2.10268e-08	1.79109e-08	2.10406e-08	1.91412e-08	1.01977	0.714286	0.980095	1.15556	159.488	0.851813	0.148187	5.83629e-08
4.58246e-09	2.97777e-09	3.65233e-16	1.08758e-24	7.28555e-08	2.73903e-08	1.82115e-08	2.74336e-08	2.15645e-08	0.86468	0.722222	0.964092	1.06452	169.183	0.66489	0.33511	7.02394e-08
2.88512e-09	2.05616e-09	1.54947e-16	3.18596e-25	4.73826e-08	1.66327e-08	1.39459e-08	1.66341e-08	1.40458e-08	0.867275	0.84	0.987492	1	143.864	0.838463	0.161537	4.67899e-08
1.94322e-09	1.7052e-09	3.3203e-17	5.66178e-26	2.93705e-08	1.19632e-08	7.4291e-09	1.1995e-08	6.50195e-09	0.483687	0.75	1	0.75	150.482	0.620996	0.379004	2.93705e-08
3.16047e-09	2.08096e-09	2.10286e-16	4.37596e-25	5.28946e-08	1.95577e-08	1.4369e-08	1.99609e-08	1.63629e-08	0.944489	0.685714	0.988796	1.11765	168.465	0.734697	0.265303	5.23019e-08
1.09648e-09	1.89206e-09	3.98436e-16	7.53866e-25	9.36235e-08	3.5825e-08	1.61374e-08	3.58308e-08	2.25234e-08	0.571213	0.545455	0.917214	0.911392	157.166	0.450451	0.549549	8.58728e-08
3.39194e-09	2.3839e-09	2.32421e-16	5.54067e-25	5.67922e-08	1.87952e-08	1.68902e-08	1.93985e-08	1.72025e-08	0.90554	0.75	0.968693	1.05	163.363	0.898643	0.101357	5.50142e-08
4.06223e-09	2.63778e-09	2.76692e-16	7.29851e-25	6.34458e-08	2.08291e-08	1.93413e-08	2.1302e-08	1.87695e-08	0.863773	0.809524	0.981318	0.980392	153.435	0.928571	0.0714286	6.22605e-08
2.257e-09	1.74107e-09	6.6406e-17	1.15617e-25	3.32681e-08	9.98043e-09	6.65362e-09	1.1995e-08	9.19515e-09	0.753982	1	1	1	180	0.666667	0.333333	3.32681e-08
1.54975e-09	1.62934e-09	1.32812e-16	2.16396e-25	5.01386e-08	1.79144e-08	1.0495e-08	1.79154e-08	1.30039e-08	0.663901	0.583333	0.858882	1.2	22.4108	0.58584	0.41416	4.30631e-08
4.35202e-09	2.60447e-09	2.76692e-16	7.20634e-25	5.95482e-08	2.0055e-08	1.67298e-08	2.02362e-08	1.87695e-08	0.980547	0.690476	0.970142	1.13636	1.78817	0.834196	0.165804	5.77703e-08
1.80168e-09	1.47577e-09	4.42707e-17	6.53334e-26	2.54729e-08	9.80035e-09	6.53356e-09	9.98043e-09	7.50781e-09	0.857372	0.583333	0.976734	1.14286	169.099	0.666667	0.333333	2.48802e-08
3.53359e-09	2.28661e-09	2.54556e-16	5.82072e-25	6.34458e-08	2.39393e-08	1.48743e-08	2.42195e-08	1.80031e-08	0.794672	0.775	0.971977	1	172.779	0.621335	0.378665	6.16679e-08
2.20595e-09	1.84147e-09	6.6406e-17	1.22285e-25	3.32681e-08	9.98043e-09	6.65362e-09	1.1995e-08	9.19515e-09	0.753982	1	1	1	180	0.666667	0.333333	3.32681e-08
1.67879e-09	1.31917e-09	4.42707e-17	5.84005e-26	2.74217e-08	1.03121e-08	7.01025e-09	1.05203e-08	7.50781e-09	0.739839	0.666667	0.978387	1	7.01812	0.679806	0.320194	2.6829e-08
2.55656e-09	1.89184e-09	7.74737e-17	1.46568e-25	3.60241e-08	1.33072e-08	6.65362e-09	1.37168e-08	9.93189e-09	0.7502	0.866667	1	1	180	0.5	0.5	3.60241e-08
2.77291e-09	2.10731e-09	1.32812e-16	2.79876e-25	4.3485e-08	1.44552e-08	1.29728e-08	1.48779e-08	1.30039e-08	0.88261	0.64	0.959113	1.09091	167.127	0.897449	0.102551	4.1707e-08
3.16479e-09	2.05524e-09	1.66015e-16	3.412e-25	4.81898e-08	1.66199e-08	1.34332e-08	1.69635e-08	1.45388e-08	0.898353	0.666667	0.975403	1.07143	2.36547	0.808262	0.191738	4.70045e-08
6.37951e-09	3.6759e-09	4.64842e-16	1.70871e-24	8.14579e-08	2.58644e-08	2.33838e-08	2.68216e-08	2.43281e-08	0.880337	0.78125	0.960608	1.02439	14.3917	0.904091	0.0959093	7.82491e-08
1.65992e-09	1.3865e-09	3.3203e-17	4.60359e-26	2.27169e-08	6.65362e-09	6.65362e-09	7.43897e-09	6.50195e-09	0.808518	0.777778	1	1	90	1	-2.22045e-16	2.27169e-08
1.95982e-09	1.55595e-09	6.6406e-17	1.03324e-25	3.13193e-08	1.13672e-08	8.15479e-09	1.1995e-08	9.19515e-09	0.850732	0.916667	1	1.09091	74.9293	0.717398	0.282602	3.13193e-08
1.22575e-09	1.38394e-09	2.21353e-17	3.0634e-26	2.27169e-08	1.05203e-08	4.20812e-09	1.05203e-08	5.30882e-09	0.539012	0.75	1	1	161.565	0.4	0.6	2.27169e-08
8.05321e-09	4.95603e-09	8.41143e-16	4.16873e-24	1.13584e-07	3.44552e-08	3.11459e-08	3.71949e-08	3.27258e-08	0.819298	0.827273	0.957921	0.974359	5.87344	0.903952	0.0960478	1.08805e-07
1.76758e-09	1.57257e-09	7.74737e-17	1.21833e-25	3.40753e-08	1.48586e-08	5.7161e-09	1.48779e-08	9.93189e-09	0.838463	0.6	0.975403	1.55556	23.6453	0.384699	0.615301	3.32372e-08
1.32579e-09	1.67351e-09	5.53383e-17	9.26094e-26	3.21265e-08	1.34868e-08	4.67061e-09	1.37168e-08	8.39398e-09	0.673765	0.466667	0.958473	1.42857	24.5428	0.346309	0.653691	3.07924e-08
3.25119e-09	2.13749e-09	2.10286e-16	4.49482e-25	5.28946e-08	1.74852e-08	1.56065e-08	1.79154e-08	1.63629e-08	0.944489	0.694444	1	1.08571	55.6174	0.892555	0.107445	5.28946e-08
1.49337e-09	1.64014e-09	6.6406e-17	1.08915e-25	4.84932e-08	2.01303e-08	5.84633e-09	2.02362e-08	9.19515e-09	0.354858	0.428571	1.03886	1.33333	15.3253	0.290424	0.709576	5.03775e-08
6.4791e-09	3.88792e-09	4.31639e-16	1.67818e-24	8.14579e-08	2.75374e-08	2.05632e-08	2.84243e-08	2.34431e-08	0.817456	0.777778	0.96487	0.975	6.20596	0.746735	0.253265	7.85963e-08
1.64912e-09	1.70941e-09	3.3203e-17	5.67575e-26	2.66145e-08	9.98043e-09	3.32681e-09	1.05203e-08	6.50195e-09	0.589049	1	1	1	180	0.333333	0.666667	2.66145e-08
1.9389e-09	1.68911e-09	5.53383e-17	9.34726e-26	4.82828e-08	1.68475e-08	6.36501e-09	1.69635e-08	8.39398e-09	0.298299	0.5	0.809558	1	175.394	0.377802	0.622198	3.90877e-08
1.64957e-09	1.36896e-09	4.42707e-17	6.06049e-26	2.46657e-08	9.40964e-09	7.05724e-09	9.40964e-09	7.50781e-09	0.914407	0.888889	1	1.14286	135	0.750001	0.249999	2.46657e-08
7.58664e-09	4.24801e-09	6.08722e-16	2.58585e-24	9.08675e-08	3.01559e-08	2.34299e-08	3.15609e-08	2.78397e-08	0.926427	0.75	0.960552	1.07843	178.725	0.77696	0.22304	8.72829e-08
1.57351e-09	1.42015e-09	5.53383e-17	7.85888e-26	3.13193e-08	1.19024e-08	8.92677e-09	1.1995e-08	8.39398e-09	0.708944	0.833333	0.981077	1	26.5651	0.75	0.25	3.07266e-08
1.41299e-09	1.54477e-09	7.74737e-17	1.19679e-25	3.48825e-08	1.1542e-08	7.58763e-09	1.1995e-08	9.93189e-09	0.800106	0.5625	0.904001	1.27273	49.4863	0.657393	0.342607	3.15339e-08
1.82749e-09	1.41462e-09	6.6406e-17	9.39391e-26	2.93705e-08	9.98043e-09	6.65362e-09	1.05203e-08	9.19515e-09	0.967374	0.833333	1	1.2	90	0.666667	0.333333	2.93705e-08
2.19083e-09	1.80023e-09	9.9609e-17	1.79319e-25	3.60241e-08	9.98043e-09	9.98043e-09	1.1995e-08	1.12617e-08	0.964543	0.875	1	1.125	180	1	0	3.60241e-08
2.29372e-09	1.81434e-09	7.74737e-17	1.40563e-25	3.40753e-08	1.36722e-08	7.6526e-09	1.37168e-08	9.93189e-09	0.838463	0.8	1	1.07692	170.583	0.559718	0.440282	3.40753e-08
1.86853e-09	2.06513e-09	3.3203e-17	6.85686e-26	2.66145e-08	9.98043e-09	3.32681e-09	1.05203e-08	6.50195e-09	0.589049	1	1	1	180	0.333333	0.666667	2.66145e-08
1.74643e-09	1.486e-09	4.42707e-17	6.57864e-26	2.66145e-08	6.65362e-09	6.65362e-09	9.40964e-09	7.50781e-09	0.785398	1	1	1	180	1	0	2.66145e-08
3.17218e-09	2.11502e-09	1.8815e-16	3.97941e-25	4.6241e-08	1.64081e-08	1.34183e-08	1.69635e-08	1.54777e-08	1.10576	0.666667	1	1.25926	26.012	0.817784	0.182216	4.6241e-08
2.22301e-09	1.70246e-09	9.9609e-17	1.6958e-25	4.07289e-08	1.32075e-08	1.07186e-08	1.37168e-08	1.12617e-08	0.754575	0.65	0.937601	1.05882	7.01812	0.811553	0.188447	3.81875e-08
3.37682e-09	2.30974e-09	1.99218e-16	4.60143e-25	5.09458e-08	1.69554e-08	1.62024e-08	1.69635e-08	1.59265e-08	0.964543	0.583333	0.965101	1.16129	166.919	0.955593	0.0444071	4.91678e-08
2.87728e-09	2.06092e-09	1.8815e-16	3.87762e-25	5.20874e-08	1.65724e-08	1.3544e-08	1.79154e-08	1.54777e-08	0.871465	0.733333	0.954488	1.0625	4.9329	0.817262	0.182738	4.97168e-08
1.82328e-09	1.55784e-09	6.6406e-17	1.0345e-25	2.93705e-08	1.19024e-08	7.43897e-09	1.1995e-08	9.19515e-09	0.967374	0.833333	1	1.2	63.4349	0.625	0.375	2.93705e-08
2.59545e-09	2.03958e-09	1.21744e-16	2.48307e-25	4.26777e-08	1.33072e-08	9.98043e-09	1.48779e-08	1.24503e-08	0.839954	0.9	1	1	180	0.75	0.25	4.26777e-08
1.98131e-09	1.60982e-09	6.6406e-17	1.06902e-25	2.93705e-08	9.98043e-09	6.65362e-09	1.05203e-08	9.19515e-09	0.967374	0.833333	1	1.2	180	0.666667	0.333333	2.93705e-08
2.13706e-09	1.7181e-09	4.42707e-17	7.60612e-26	2.66145e-08	6.65362e-09	6.65362e-09	9.40964e-09	7.50781e-09	0.785398	1	1	1	180	1	0	2.66145e-08
1.59068e-09	1.45557e-09	7.74737e-17	1.12769e-25	3.01777e-08	1.01058e-08	7.36644e-09	1.05203e-08	9.93189e-09	1.06903	0.5625	0.980361	1.4	124.573	0.728935	0.271065	2.95851e-08
1.00747e-09	1.23288e-09	9.9609e-17	1.22806e-25	5.95482e-08	1.53939e-08	1.37161e-08	1.66341e-08	1.12617e-08	0.352997	0.52	0.887531	0.72	75.3944	0.891008	0.108992	5.28509e-08
1.98699e-09	1.53652e-09	7.74737e-17	1.1904e-25	3.21265e-08	9.40977e-09	9.40977e-09	1.05203e-08	9.93189e-09	0.943271	0.6875	1	1.16667	45.0016	1	-6.37371e-09	3.21265e-08
3.81064e-09	2.71944e-09	2.21353e-16	6.01957e-25	5.8741e-08	2.03425e-08	1.39131e-08	2.10406e-08	1.6788e-08	0.806145	0.8	0.969732	0.97561	3.63444	0.683945	0.316055	5.6963e-08
2.32703e-09	1.86803e-09	9.9609e-17	1.86072e-25	3.79729e-08	1.41145e-08	1.17621e-08	1.41145e-08	1.12617e-08	0.868081	0.9375	1	1.05882	45	0.833333	0.166667	3.79729e-08
2.70572e-09	2.02123e-09	1.32812e-16	2.68444e-25	4.07289e-08	1.45848e-08	1.13739e-08	1.48779e-08	1.30039e-08	1.0061	0.85	1	1.14286	74.8284	0.779848	0.220152	4.07289e-08
3.3659e-09	2.06888e-09	1.66015e-16	3.43465e-25	4.73826e-08	1.64669e-08	1.41145e-08	1.66341e-08	1.45388e-08	0.929223	0.88	1	1.03448	135	0.857143	0.142857	4.73826e-08
2.51575e-09	1.79022e-09	2.21353e-16	3.96271e-25	5.95482e-08	2.34915e-08	1.38472e-08	2.35241e-08	1.6788e-08	0.784437	0.625	0.96602	1.08108	174.888	0.589455	0.410545	5.75248e-08
1.16106e-09	1.3159e-09	3.3203e-17	4.36918e-26	2.74217e-08	9.21747e-09	7.38609e-09	9.40964e-09	6.50195e-09	0.554879	0.777778	0.899495	0.857143	123.401	0.801314	0.198686	2.46657e-08
1.82976e-09	1.4928e-09	4.42707e-17	6.60871e-26	2.74217e-08	1.05182e-08	7.34185e-09	1.05203e-08	7.50781e-09	0.739839	0.666667	1	1.14286	17.2961	0.698012	0.301988	2.74217e-08
