PAZCenter	PAZAverage	PAArea	PAVolume	PAPerimeter	PALength	PAWidth	PAMaxDistance	PACEDiameter	PACircularity	PARectangularity	PAConvexity	PASolidity	PAMajorAngle	PAAspectRatio	PAElongation	PAHullPerimeter
3.26062e-09	2.73293e-09	4.36866e-17	1.19392e-25	2.8293e-08	1.07934e-08	8.09506e-09	1.07934e-08	7.45812e-09	0.685805	0.888889	1	0.857143	135	0.75	0.25	2.8293e-08
2.87258e-09	2.61414e-09	2.91244e-17	7.61353e-26	2.28963e-08	7.63209e-09	3.81605e-09	8.53294e-09	6.08953e-09	0.698132	1	1	1	180	0.5	0.5	2.28963e-08
3.03613e-09	2.90614e-09	1.16498e-16	3.38559e-25	3.6851e-08	1.14481e-08	1.14481e-08	1.20674e-08	1.21791e-08	1.07802	0.75	1	1.14286	180	1	0	3.6851e-08
2.1392e-09	2.95126e-09	1.45622e-17	4.29769e-26	1.52642e-08	3.81605e-09	3.81605e-09	5.39671e-09	4.30595e-09	0.785398	1	1	1	90	1	0	1.52642e-08
2.97365e-09	2.62382e-09	5.82489e-17	1.52835e-25	3.14543e-08	1.15831e-08	8.44661e-09	1.20674e-08	8.6119e-09	0.739839	0.666667	0.978387	1	145.278	0.729217	0.270783	3.07745e-08
2.17106e-09	2.4754e-09	1.45622e-17	3.60473e-26	1.52642e-08	3.81605e-09	3.81605e-09	5.39671e-09	4.30595e-09	0.785398	1	1	1	90	1	0	1.52642e-08
2.57914e-09		0	0	1.30288e-08	5.39671e-09	2.69835e-09	5.39671e-09	0	0	0.75	1	0	135	0.5	0.5	1.30288e-08
2.66608e-09	2.48113e-09	5.82489e-17	1.44523e-25	2.60576e-08	7.63209e-09	7.63209e-09	8.53294e-09	8.6119e-09	1.07802	0.777778	1	1.33333	90	1	0	2.60576e-08
2.44362e-09	2.44362e-09	1.45622e-17	3.55846e-26	1.30288e-08	5.39671e-09	2.69835e-09	5.39671e-09	4.30595e-09	1.07802	0.75	1	2	135	0.5	0.5	1.30288e-08
2.59697e-09	2.59697e-09	1.45622e-17	3.78177e-26	1.30288e-08	5.39671e-09	2.69835e-09	5.39671e-09	4.30595e-09	1.07802	0.75	1	2	135	0.5	0.5	1.30288e-08
3.14983e-09	2.87022e-09	1.01935e-16	2.92577e-25	3.90864e-08	1.34918e-08	1.07934e-08	1.3759e-08	1.13925e-08	0.838463	0.6875	0.965215	1.07692	135	0.8	0.2	3.77268e-08
3.89185e-09	3.20764e-09	1.89309e-16	6.07234e-25	4.76444e-08	1.6761e-08	1.21243e-08	1.70659e-08	1.55253e-08	1.04799	0.64	0.985732	1.2381	127.411	0.723362	0.276638	4.69646e-08
3.27146e-09	2.83196e-09	1.3106e-16	3.71157e-25	4.13218e-08	1.14481e-08	1.14481e-08	1.3759e-08	1.29178e-08	0.964543	0.875	1	1.125	180	1	0	4.13218e-08
6.1722e-09	4.23646e-09	3.20369e-16	1.35723e-24	6.38345e-08	2.22616e-08	1.71615e-08	2.32121e-08	2.01967e-08	0.987981	0.571429	0.968051	1.22222	154.085	0.770903	0.229097	6.17951e-08
2.18862e-09	2.14976e-09	2.91244e-17	6.26107e-26	2.28963e-08	7.63209e-09	3.81605e-09	8.53294e-09	6.08953e-09	0.698132	1	1	1	90	0.5	0.5	2.28963e-08
2.48295e-09	2.48295e-09	1.45622e-17	3.61572e-26	1.30288e-08	5.39671e-09	2.69835e-09	5.39671e-09	4.30595e-09	1.07802	0.75	1	2	135	0.5	0.5	1.30288e-08
2.07188e-09	2.11908e-09	1.45622e-17	3.08584e-26	5.39671e-09	5.39671e-09	0	5.39671e-09	4.30595e-09	6.28319	0.5	2	inf	45	0	1	1.07934e-08
2.62527e-09		0	0	1.30288e-08	5.39671e-09	2.69835e-09	5.39671e-09	0	0	0.75	1	0	135	0.5	0.5	1.30288e-08
7.67752e-09	4.87096e-09	4.51429e-16	2.19889e-24	7.59374e-08	2.54566e-08	2.10838e-08	2.55988e-08	2.39745e-08	0.983756	0.755102	0.982095	1.08772	147.393	0.828224	0.171776	7.45778e-08
2.97694e-09	2.61955e-09	4.36866e-17	1.14439e-25	2.60576e-08	1.14019e-08	4.14333e-09	1.14481e-08	7.45812e-09	0.808518	0.625	0.973911	2	5.15242	0.36339	0.63661	2.53778e-08
2.12362e-09		0	0	7.63209e-09	3.81605e-09	7.00997e-25	3.81605e-09	0	0	1	1		180	1.83697e-16	1	7.63209e-09
2.9905e-09	2.69005e-09	4.36866e-17	1.17519e-25	2.60576e-08	1.07934e-08	5.39671e-09	1.07934e-08	7.45812e-09	0.808518	0.777778	1	1	135	0.5	0.5	2.60576e-08
3.53644e-09	2.70463e-09	7.28111e-17	1.96927e-25	3.36897e-08	1.14481e-08	7.63209e-09	1.20674e-08	9.62839e-09	0.806145	0.833333	1	1	180	0.666667	0.333333	3.36897e-08
2.07504e-09		0	0	0	0	0	0	0		1			180			0
2.79676e-09	2.55217e-09	5.82489e-17	1.48661e-25	2.60576e-08	7.63209e-09	7.63209e-09	8.53294e-09	8.6119e-09	1.07802	0.777778	1	1.33333	180	1	-2.22045e-16	2.60576e-08
3.2967e-09	2.75705e-09	4.36866e-17	1.20446e-25	2.60576e-08	7.63209e-09	7.63209e-09	8.53294e-09	7.45812e-09	0.808518	0.777778	1	1	90	1	0	2.60576e-08
2.20673e-09		0	0	0	0	0	0	0		1			90			0
2.66e-09	2.67157e-09	2.91244e-17	7.78078e-26	2.06609e-08	8.44718e-09	4.82696e-09	8.53294e-09	6.08953e-09	0.857372	0.833333	1	1.33333	18.4349	0.571429	0.428571	2.06609e-08
3.48909e-09	2.88324e-09	2.03871e-16	5.8781e-25	5.75119e-08	2.22007e-08	1.1577e-08	2.22512e-08	1.61114e-08	0.774551	0.6	0.949311	1.12	124.824	0.521472	0.478528	5.45967e-08
2.20765e-09		0	0	7.63209e-09	3.81605e-09	7.00997e-25	3.81605e-09	0	0	1	1		180	1.83697e-16	1	7.63209e-09
2.56044e-09	2.49614e-09	4.36866e-17	1.09048e-25	2.60576e-08	1.20554e-08	3.56274e-09	1.20674e-08	7.45812e-09	0.808518	0.625	0.973911	2	20.9936	0.295531	0.704469	2.53778e-08
2.14363e-09		0	0	7.63209e-09	3.81605e-09	1.40247e-23	3.81605e-09	0	0	1	1		90	3.67518e-15	1	7.63209e-09
2.41112e-09	2.41112e-09	1.45622e-17	3.51113e-26	1.30288e-08	5.39671e-09	2.69835e-09	5.39671e-09	4.30595e-09	1.07802	0.75	1	2	135	0.5	0.5	1.30288e-08
2.22208e-09		0	0	0	0	0	0	0		1			90			0
3.82128e-09	3.47963e-09	8.73733e-17	3.04027e-25	4.13218e-08	1.69472e-08	9.7666e-09	1.70659e-08	1.05474e-08	0.643029	0.8	0.983548	0.923077	160.195	0.576294	0.423706	4.0642e-08
1.09053e-08	6.71634e-09	7.42673e-16	4.98805e-24	9.97596e-08	3.46659e-08	2.70423e-08	3.51822e-08	3.07506e-08	0.937773	0.7375	0.979556	1.05155	177.299	0.780083	0.219917	9.77202e-08
2.4841e-09	2.41997e-09	2.91244e-17	7.04802e-26	2.06609e-08	8.44718e-09	4.82696e-09	8.53294e-09	6.08953e-09	0.857372	0.833333	1	1.33333	161.565	0.571429	0.428571	2.06609e-08
3.42193e-09	3.04585e-09	1.3106e-16	3.99189e-25	3.90864e-08	1.34918e-08	1.07934e-08	1.3759e-08	1.29178e-08	1.07802	0.8125	1	1.2	45	0.8	0.2	3.90864e-08
2.07733e-09		0	0	0	0	0	0	0		1			180			0
2.34001e-09	2.30638e-09	1.45622e-17	3.35859e-26	1.52642e-08	3.81605e-09	3.81605e-09	5.39671e-09	4.30595e-09	0.785398	1	1	1	90	1	0	1.52642e-08
2.61926e-09		0	0	1.52642e-08	7.63209e-09	1.40199e-24	7.63209e-09	0	0	1	1		180	1.83697e-16	1	1.52642e-08
7.94524e-09	5.62955e-09	4.51429e-16	2.54134e-24	7.59374e-08	2.7728e-08	2.02739e-08	2.77812e-08	2.39745e-08	0.983756	0.770833	0.991048	1.10714	167.601	0.731171	0.268829	7.52576e-08
3.44512e-09	2.86259e-09	7.28111e-17	2.08428e-25	3.14543e-08	1.2061e-08	8.48199e-09	1.20674e-08	9.62839e-09	0.924799	0.75	1	1.11111	159.699	0.703257	0.296743	3.14543e-08
2.45954e-09	2.64924e-09	1.45622e-17	3.85788e-26	2.06609e-08	8.44718e-09	4.82696e-09	8.53294e-09	4.30595e-09	0.428686	0.833333	1	0.666667	161.565	0.571429	0.428571	2.06609e-08
4.34229e-09	3.77297e-09	1.89309e-16	7.14256e-25	5.43506e-08	2.02441e-08	1.27761e-08	2.055e-08	1.55253e-08	0.805327	0.833333	0.987492	1	168.097	0.631103	0.368897	5.36708e-08
2.71484e-09	2.22402e-09	1.45622e-17	3.23867e-26	2.06609e-08	8.44718e-09	4.82696e-09	8.53294e-09	4.30595e-09	0.428686	0.833333	1	0.666667	161.565	0.571429	0.428571	2.06609e-08
2.90315e-09	2.52777e-09	5.82489e-17	1.4724e-25	2.60576e-08	7.63209e-09	7.63209e-09	8.53294e-09	8.6119e-09	1.07802	0.777778	1	1.33333	90	1	0	2.60576e-08
2.4586e-09	2.07349e-09	1.45622e-17	3.01946e-26	1.52642e-08	3.81605e-09	3.81605e-09	5.39671e-09	4.30595e-09	0.785398	1	1	1	180	1	0	1.52642e-08
5.21743e-09	3.86433e-09	2.18433e-16	8.44099e-25	5.52765e-08	1.94581e-08	1.57162e-08	1.94581e-08	1.66769e-08	0.898353	0.7	0.987702	1.03448	11.3099	0.807692	0.192308	5.45967e-08
3.04057e-09	2.59878e-09	4.36866e-17	1.13532e-25	2.60576e-08	7.63209e-09	7.63209e-09	8.53294e-09	7.45812e-09	0.808518	0.777778	1	1	180	1	0	2.60576e-08
4.2116e-09	3.58498e-09	1.60184e-16	5.74258e-25	4.67185e-08	1.58533e-08	1.20509e-08	1.70659e-08	1.42812e-08	0.922258	0.8	0.985449	1.1	175.163	0.760148	0.239852	4.60387e-08
2.95185e-09	2.73652e-09	2.91244e-17	7.96995e-26	1.84255e-08	7.63209e-09	3.81605e-09	7.63209e-09	6.08953e-09	1.07802	0.666667	1	2	180	0.5	0.5	1.84255e-08
2.12227e-09		0	0	0	0	0	0	0		1			90			0
2.27349e-09		0	0	7.63209e-09	3.81605e-09	7.00997e-25	3.81605e-09	0	0	1	1		180	1.83697e-16	1	7.63209e-09
2.25692e-09		0	0	7.63209e-09	3.81605e-09	1.40247e-23	3.81605e-09	0	0	1	1		90	3.67518e-15	1	7.63209e-09
2.89652e-09	2.69542e-09	2.91244e-17	7.85025e-26	1.84255e-08	7.63209e-09	3.81605e-09	7.63209e-09	6.08953e-09	1.07802	0.666667	1	2	180	0.5	0.5	1.84255e-08
2.93177e-09	2.34166e-09	2.91244e-17	6.81995e-26	2.28963e-08	7.63209e-09	3.81605e-09	8.53294e-09	6.08953e-09	0.698132	1	1	1	180	0.5	0.5	2.28963e-08
2.17511e-09		0	0	0	0	0	0	0		1			180			0
8.0368e-09	5.3822e-09	9.02857e-16	4.85936e-24	1.28053e-07	4.94797e-08	2.65551e-08	4.96086e-08	3.39051e-08	0.691914	0.653846	0.94644	1.02479	161.511	0.536686	0.463314	1.21194e-07
3.54585e-09	3.55423e-09	2.91244e-16	1.03515e-24	8.26436e-08	3.23658e-08	1.63441e-08	3.23802e-08	1.92568e-08	0.535857	0.55102	0.918247	0.851064	46.7115	0.50498	0.49502	7.58872e-08
2.15482e-09		0	0	0	0	0	0	0		1			180			0
2.4825e-09	2.60941e-09	2.91244e-17	7.59975e-26	2.06609e-08	8.44718e-09	3.62022e-09	8.53294e-09	6.08953e-09	0.857372	0.666667	1	4	108.435	0.428571	0.571429	2.06609e-08
3.5819e-09	2.87934e-09	5.82489e-17	1.67718e-25	3.14543e-08	1.15831e-08	8.44661e-09	1.20674e-08	8.6119e-09	0.739839	0.666667	0.978387	1	124.722	0.729217	0.270783	3.07745e-08
2.42788e-09		0	0	7.63209e-09	3.81605e-09	7.00997e-25	3.81605e-09	0	0	1	1		180	1.83697e-16	1	7.63209e-09
4.53482e-09	3.47156e-09	2.03871e-16	7.07751e-25	5.21152e-08	2.04e-08	1.20441e-08	2.055e-08	1.61114e-08	0.943271	0.666667	0.960867	1.33333	165.128	0.590397	0.409603	5.00758e-08
2.90808e-09	2.75696e-09	5.82489e-17	1.6059e-25	3.05284e-08	7.63209e-09	7.63209e-09	1.07934e-08	8.6119e-09	0.785398	1	1	1	180	1	0	3.05284e-08
3.50874e-09	3.25111e-09	2.91244e-17	9.46866e-26	2.06609e-08	8.44718e-09	4.82696e-09	8.53294e-09	6.08953e-09	0.857372	0.833333	1	1.33333	161.565	0.571429	0.428571	2.06609e-08
3.33435e-09	3.52632e-09	1.01935e-16	3.59457e-25	4.67185e-08	1.5732e-08	1.24727e-08	1.61901e-08	1.13925e-08	0.586891	0.75	0.911754	0.933333	31.3381	0.792822	0.207178	4.25958e-08
2.14649e-09		0	0	0	0	0	0	0		1			180			0
2.30014e-09		0	0	7.63209e-09	3.81605e-09	7.00997e-25	3.81605e-09	0	0	1	1		180	1.83697e-16	1	7.63209e-09
2.77687e-09	2.42179e-09	2.91244e-17	7.05332e-26	2.28963e-08	7.63209e-09	3.81605e-09	8.53294e-09	6.08953e-09	0.698132	1	1	1	180	0.5	0.5	2.28963e-08
2.95518e-09	2.98088e-09	2.91244e-17	8.68163e-26	2.06609e-08	8.44718e-09	4.82696e-09	8.53294e-09	6.08953e-09	0.857372	0.833333	1	1.33333	161.565	0.571429	0.428571	2.06609e-08
2.48528e-09		0	0	7.63209e-09	3.81605e-09	7.00997e-25	3.81605e-09	0	0	1	1		180	1.83697e-16	1	7.63209e-09
4.92416e-09	3.56881e-09	1.74747e-16	6.23637e-25	4.98798e-08	1.70168e-08	1.50565e-08	1.70659e-08	1.49162e-08	0.88261	0.72	1	1.04348	120.911	0.884802	0.115198	4.98798e-08
5.49241e-09	4.14873e-09	2.03871e-16	8.45806e-25	5.75119e-08	1.94445e-08	1.56771e-08	1.94581e-08	1.61114e-08	0.774551	0.7	0.964539	0.933333	170.835	0.806252	0.193748	5.54725e-08
2.92522e-09	2.76862e-09	5.82489e-17	1.61269e-25	2.60576e-08	7.63209e-09	7.63209e-09	8.53294e-09	8.6119e-09	1.07802	0.777778	1	1.33333	1.27629e-09	1	0	2.60576e-08
2.2667e-09	2.48155e-09	1.45622e-17	3.61369e-26	1.30288e-08	5.39671e-09	2.69835e-09	5.39671e-09	4.30595e-09	1.07802	0.75	1	2	45	0.5	0.5	1.30288e-08
2.73505e-09	2.5609e-09	4.36866e-17	1.11877e-25	2.8293e-08	1.18809e-08	4.88388e-09	1.20674e-08	7.45812e-09	0.685805	0.875	1	1.2	8.34962	0.411069	0.588931	2.8293e-08
2.13606e-09		0	0	7.63209e-09	3.81605e-09	7.00997e-25	3.81605e-09	0	0	1	1		180	1.83697e-16	1	7.63209e-09
3.68177e-09	2.96838e-09	1.01935e-16	3.02584e-25	3.6851e-08	1.52642e-08	7.63209e-09	1.52642e-08	1.13925e-08	0.943271	0.733333	1	1.16667	180	0.5	0.5	3.6851e-08
1.18845e-08	8.07126e-09	1.03392e-15	8.34502e-24	1.23965e-07	4.30999e-08	2.85229e-08	4.46657e-08	3.62826e-08	0.845464	0.885417	0.987655	1.00709	175.233	0.661785	0.338215	1.22435e-07
2.1123e-09		0	0	7.63209e-09	3.81605e-09	7.00997e-25	3.81605e-09	0	0	1	1		180	1.83697e-16	1	7.63209e-09
2.2802e-09		0	0	0	0	0	0	0		1			90			0
2.61853e-09	2.10019e-09	1.45622e-17	3.05834e-26	2.06609e-08	8.44718e-09	4.82696e-09	8.53294e-09	4.30595e-09	0.428686	0.833333	1	0.666667	161.565	0.571429	0.428571	2.06609e-08
2.14406e-09		0	0	7.63209e-09	3.81605e-09	7.00997e-25	3.81605e-09	0	0	1	1		180	1.83697e-16	1	7.63209e-09
2.52191e-09	2.5286e-09	1.45622e-17	3.68221e-26	1.52642e-08	3.81605e-09	3.81605e-09	5.39671e-09	4.30595e-09	0.785398	1	1	1	180	1	0	1.52642e-08
3.03285e-09	2.70387e-09	1.16498e-16	3.14994e-25	3.6851e-08	1.19461e-08	1.19461e-08	1.20674e-08	1.21791e-08	1.07802	0.625	0.963105	1.33333	153.435	1	0	3.54914e-08
3.23373e-09	2.61381e-09	7.28111e-17	1.90315e-25	3.14543e-08	1.2061e-08	8.48199e-09	1.20674e-08	9.62839e-09	0.924799	0.75	1	1.11111	159.699	0.703257	0.296743	3.14543e-08
2.18173e-09		0	0	1.52642e-08	7.63209e-09	2.80493e-23	7.63209e-09	0	0	1	1		90	3.67518e-15	1	1.52642e-08
9.75374e-09	6.05083e-09	6.26175e-16	3.78888e-24	9.43629e-08	3.12143e-08	2.62722e-08	3.14679e-08	2.8236e-08	0.883696	0.708333	0.963979	1.02381	158.685	0.841671	0.158329	9.09639e-08
3.76806e-09	3.13704e-09	5.82489e-17	1.82729e-25	3.36897e-08	1.52211e-08	4.37855e-09	1.52642e-08	8.6119e-09	0.644916	0.7	0.979821	1.6	175.692	0.287664	0.712336	3.30099e-08
2.22039e-09	2.56588e-09	2.91244e-17	7.47297e-26	1.84255e-08	8.49846e-09	3.24612e-09	8.53294e-09	6.08953e-09	1.07802	0.666667	1	2	31.7175	0.381966	0.618034	1.84255e-08
3.5452e-09	2.90642e-09	7.28111e-17	2.1162e-25	3.14543e-08	1.20019e-08	6.95004e-09	1.20674e-08	9.62839e-09	0.924799	0.666667	0.978387	1.25	155.593	0.579078	0.420922	3.07745e-08
4.79279e-09	3.41483e-09	2.32995e-16	7.95639e-25	5.52765e-08	1.876e-08	1.38165e-08	1.90802e-08	1.72238e-08	0.958244	0.666667	0.975403	1.14286	137.382	0.736488	0.263512	5.39169e-08
3.82532e-09	2.96658e-09	1.01935e-16	3.024e-25	3.6851e-08	1.52642e-08	7.63209e-09	1.52642e-08	1.13925e-08	0.943271	0.733333	1	1.16667	180	0.5	0.5	3.6851e-08
6.16708e-09	4.28657e-09	2.76682e-16	1.18602e-24	6.06732e-08	2.01599e-08	1.94567e-08	2.055e-08	1.87692e-08	0.944489	0.666667	0.977591	1.08571	10.6197	0.965116	0.0348837	5.93136e-08
2.79074e-09	2.59264e-09	2.91244e-17	7.55091e-26	2.06609e-08	8.44718e-09	4.82696e-09	8.53294e-09	6.08953e-09	0.857372	0.833333	1	1.33333	161.565	0.571429	0.428571	2.06609e-08
5.67439e-09	3.87376e-09	2.6212e-16	1.01539e-24	5.75119e-08	1.89376e-08	1.54677e-08	1.94581e-08	1.82686e-08	0.995851	0.733333	0.976359	1.16129	155.408	0.816772	0.183228	5.61523e-08
6.82605e-09	4.6539e-09	3.34931e-16	1.55874e-24	6.5144e-08	2.22501e-08	1.89591e-08	2.22512e-08	2.06506e-08	0.991782	0.777778	0.979129	1.12195	149.59	0.852089	0.147911	6.37844e-08
2.17677e-09		0	0	7.63209e-09	3.81605e-09	7.00997e-25	3.81605e-09	0	0	1	1		180	1.83697e-16	1	7.63209e-09
2.22085e-09	2.4608e-09	1.45622e-17	3.58348e-26	1.52642e-08	3.81605e-09	3.81605e-09	5.39671e-09	4.30595e-09	0.785398	1	1	1	180	1	0	1.52642e-08
3.02909e-09	2.80593e-09	8.73733e-17	2.45163e-25	3.46156e-08	1.07934e-08	8.09506e-09	1.20674e-08	1.05474e-08	0.916314	0.625	1	1.09091	135	0.75	0.25	3.46156e-08
2.98401e-09	2.62217e-09	2.91244e-17	7.63692e-26	2.60576e-08	1.14481e-08	3.81605e-09	1.14481e-08	6.08953e-09	0.539012	0.75	1	1	180	0.333333	0.666667	2.60576e-08
3.24941e-09	2.81421e-09	5.82489e-17	1.63924e-25	2.60576e-08	7.63209e-09	7.63209e-09	8.53294e-09	8.6119e-09	1.07802	0.777778	1	1.33333	180	1	-2.22045e-16	2.60576e-08
2.88209e-09		0	0	2.28963e-08	1.14481e-08	2.10299e-24	1.14481e-08	0	0	1	1		180	1.83697e-16	1	2.28963e-08
2.84376e-09	2.92253e-09	4.36866e-17	1.27675e-25	3.05284e-08	1.14481e-08	3.81605e-09	1.20674e-08	7.45812e-09	0.589049	1	1	1	180	0.333333	0.666667	3.05284e-08
4.91486e-09	3.74096e-09	2.03871e-16	7.62674e-25	5.21152e-08	1.70659e-08	1.53593e-08	1.70659e-08	1.61114e-08	0.943271	0.8	0.986956	1.03704	153.435	0.9	0.1	5.14354e-08
4.59708e-09	3.41547e-09	1.60184e-16	5.47105e-25	4.89539e-08	1.85326e-08	1.3525e-08	1.90802e-08	1.42812e-08	0.839954	0.9	1	1	156.891	0.729796	0.270204	4.89539e-08
2.93751e-09	2.60756e-09	4.36866e-17	1.13915e-25	2.60576e-08	7.63209e-09	7.63209e-09	8.53294e-09	7.45812e-09	0.808518	0.777778	1	1	90	1	0	2.60576e-08
4.69232e-09	4.66905e-09	4.80553e-16	2.24373e-24	1.06466e-07	4.2055e-08	1.59822e-08	4.21496e-08	2.47358e-08	0.532759	0.766667	0.955933	0.916667	91.3557	0.38003	0.61997	1.01774e-07
3.21819e-09	2.1503e-09	1.45622e-17	3.13132e-26	1.84255e-08	7.63209e-09	3.81605e-09	7.63209e-09	4.30595e-09	0.539012	0.666667	1	1	180	0.5	0.5	1.84255e-08
1.00837e-08	6.6026e-09	8.30046e-16	5.48046e-24	1.11862e-07	4.09616e-08	3.00194e-08	4.11001e-08	3.25092e-08	0.833572	0.784091	0.973939	1	162.903	0.732867	0.267133	1.08947e-07
4.67972e-09	3.67138e-09	1.89309e-16	6.95024e-25	5.21152e-08	1.9361e-08	1.21363e-08	1.94581e-08	1.55253e-08	0.875895	0.791667	0.986956	1.04	174.418	0.626843	0.373157	5.14354e-08
2.13587e-09		0	0	7.63209e-09	3.81605e-09	7.00997e-25	3.81605e-09	0	0	1	1		180	1.83697e-16	1	7.63209e-09
2.20158e-09		0	0	0	0	0	0	0		1			90			0
2.17515e-09		0	0	0	0	0	0	0		1			90			0
7.51344e-09	5.39812e-09	2.91244e-16	1.57217e-24	6.96148e-08	2.70712e-08	1.24193e-08	2.77812e-08	1.92568e-08	0.755204	0.90625	1	1.02564	177.037	0.458763	0.541237	6.96148e-08
2.5046e-09		0	0	7.63209e-09	3.81605e-09	7.00997e-25	3.81605e-09	0	0	1	1		180	1.83697e-16	1	7.63209e-09
2.30433e-09		0	0	7.63209e-09	3.81605e-09	7.00997e-25	3.81605e-09	0	0	1	1		180	1.83697e-16	1	7.63209e-09
2.58004e-09		0	0	0	0	0	0	0		1			180			0
4.38157e-09	3.55083e-09	1.3106e-16	4.65371e-25	4.13218e-08	1.14481e-08	1.14481e-08	1.3759e-08	1.29178e-08	0.964543	0.875	1	1.125	180	1	0	4.13218e-08
2.60711e-09	2.80296e-09	2.91244e-17	8.16346e-26	2.06609e-08	8.44718e-09	4.82696e-09	8.53294e-09	6.08953e-09	0.857372	0.833333	1	1.33333	18.4349	0.571429	0.428571	2.06609e-08
3.09603e-09	2.6923e-09	4.36866e-17	1.17618e-25	2.8293e-08	1.18809e-08	4.88388e-09	1.20674e-08	7.45812e-09	0.685805	0.875	1	1.2	8.34962	0.411069	0.588931	2.8293e-08
3.03761e-09	2.30911e-09	2.91244e-17	6.72515e-26	2.60576e-08	1.14481e-08	3.81605e-09	1.14481e-08	6.08953e-09	0.539012	0.75	1	1	5.99904e-10	0.333333	0.666667	2.60576e-08
2.73371e-09	2.56142e-09	2.91244e-17	7.45998e-26	2.06609e-08	8.44718e-09	4.82696e-09	8.53294e-09	6.08953e-09	0.857372	0.833333	1	1.33333	108.435	0.571429	0.428571	2.06609e-08
3.72019e-09	3.01759e-09	1.01935e-16	3.076e-25	3.6851e-08	1.52642e-08	7.63209e-09	1.52642e-08	1.13925e-08	0.943271	0.733333	1	1.16667	180	0.5	0.5	3.6851e-08
3.85708e-09	3.42877e-09	1.01935e-16	3.49514e-25	3.6851e-08	1.20674e-08	1.08607e-08	1.20674e-08	1.13925e-08	0.943271	0.6875	0.981552	1.07692	18.4349	0.9	0.1	3.61712e-08
2.72967e-09	2.35092e-09	4.36866e-17	1.02704e-25	2.15868e-08	7.63209e-09	7.63209e-09	7.63209e-09	7.45812e-09	1.1781	0.555556	1	1.5	90	1	0	2.15868e-08
1.61113e-08	9.53913e-09	2.24258e-15	2.13923e-23	1.79242e-07	6.11837e-08	4.56466e-08	6.16501e-08	5.34354e-08	0.87716	0.788462	0.955179	1.02667	165.251	0.746058	0.253942	1.71208e-07
2.47453e-09	2.43579e-09	5.82489e-17	1.41882e-25	2.60576e-08	8.53294e-09	6.82635e-09	8.53294e-09	8.6119e-09	1.07802	0.666667	0.973911	1.6	116.565	0.8	0.2	2.53778e-08
7.12754e-09	4.85024e-09	3.49493e-16	1.69513e-24	6.83053e-08	2.38727e-08	1.87914e-08	2.41348e-08	2.10948e-08	0.941325	0.690476	0.975972	1.09091	170.017	0.787149	0.212851	6.66641e-08
4.35785e-09	3.31074e-09	1.16498e-16	3.85694e-25	4.13218e-08	1.37434e-08	1.24345e-08	1.3759e-08	1.21791e-08	0.857372	0.8125	0.983548	1.06667	30.9638	0.904762	0.0952381	4.0642e-08
5.73554e-09	4.27278e-09	2.6212e-16	1.11998e-24	6.19827e-08	1.9745e-08	1.59361e-08	2.22512e-08	1.82686e-08	0.857372	0.866667	0.989032	1	3.50825	0.807096	0.192904	6.13029e-08
2.40685e-09	2.26774e-09	2.91244e-17	6.60467e-26	1.84255e-08	7.63209e-09	3.81605e-09	7.63209e-09	6.08953e-09	1.07802	0.666667	1	2	180	0.5	0.5	1.84255e-08
8.32401e-09	5.98323e-09	5.2424e-16	3.13664e-24	8.67308e-08	3.10829e-08	2.31438e-08	3.14679e-08	2.58357e-08	0.875776	0.698413	0.979109	1.01408	174.936	0.744581	0.255419	8.49189e-08
3.93096e-09	3.30398e-09	8.73733e-17	2.8868e-25	3.36897e-08	1.14481e-08	7.63209e-09	1.20674e-08	1.05474e-08	0.967374	0.833333	1	1.2	180	0.666667	0.333333	3.36897e-08
2.38698e-09	2.20696e-09	2.91244e-17	6.42763e-26	2.28963e-08	7.63209e-09	3.81605e-09	8.53294e-09	6.08953e-09	0.698132	1	1	1	90	0.5	0.5	2.28963e-08
2.68103e-09	2.55126e-09	4.36866e-17	1.11456e-25	2.60576e-08	7.63209e-09	7.63209e-09	8.53294e-09	7.45812e-09	0.808518	0.777778	1	1	90	1	0	2.60576e-08
3.82002e-09	3.19445e-09	8.73733e-17	2.7911e-25	3.6851e-08	1.36463e-08	8.63632e-09	1.3759e-08	1.05474e-08	0.808518	0.6875	1	1	131.028	0.63287	0.36713	3.6851e-08
3.30435e-09	2.86146e-09	1.01935e-16	2.91685e-25	3.6851e-08	1.20674e-08	1.08607e-08	1.20674e-08	1.13925e-08	0.943271	0.6875	0.981552	1.07692	161.565	0.9	0.1	3.61712e-08
6.72e-09	4.58508e-09	3.49493e-16	1.60246e-24	6.83053e-08	2.37713e-08	1.83091e-08	2.41348e-08	2.10948e-08	0.941325	0.642857	0.961897	1.14286	171.521	0.770216	0.229784	6.57027e-08
2.64786e-09	2.48175e-09	4.36866e-17	1.0842e-25	2.60576e-08	1.07934e-08	5.39671e-09	1.07934e-08	7.45812e-09	0.808518	0.777778	1	1	135	0.5	0.5	2.60576e-08
2.20187e-09	2.5105e-09	1.45622e-17	3.65584e-26	1.52642e-08	3.81605e-09	3.81605e-09	5.39671e-09	4.30595e-09	0.785398	1	1	1	90	1	0	1.52642e-08
2.30991e-09		0	0	7.63209e-09	3.81605e-09	7.00997e-25	3.81605e-09	0	0	1	1		180	1.83697e-16	1	7.63209e-09
2.39427e-09	2.22277e-09	1.45622e-17	3.23685e-26	1.30288e-08	5.39671e-09	2.69835e-09	5.39671e-09	4.30595e-09	1.07802	0.75	1	2	45	0.5	0.5	1.30288e-08
6.40462e-09	4.80299e-09	2.03871e-16	9.79191e-25	5.6586e-08	2.16131e-08	1.43227e-08	2.22512e-08	1.61114e-08	0.800106	0.875	0.987986	1.03704	162.791	0.662685	0.337315	5.59062e-08
2.491e-09	2.16657e-09	2.91244e-17	6.31002e-26	2.28963e-08	7.63209e-09	3.81605e-09	8.53294e-09	6.08953e-09	0.698132	1	1	1	90	0.5	0.5	2.28963e-08
2.13035e-09		0	0	0	0	0	0	0		1			90			0
3.11004e-09	2.69634e-09	5.82489e-17	1.57058e-25	3.05284e-08	7.63209e-09	7.63209e-09	1.07934e-08	8.6119e-09	0.785398	1	1	1	180	1	0	3.05284e-08
3.14553e-09	2.76443e-09	8.73733e-17	2.41538e-25	3.36897e-08	1.14481e-08	7.63209e-09	1.20674e-08	1.05474e-08	0.967374	0.833333	1	1.2	180	0.666667	0.333333	3.36897e-08
2.09264e-09		0	0	0	0	0	0	0		1			90			0
2.38741e-09	2.29422e-09	2.91244e-17	6.68179e-26	1.84255e-08	7.63209e-09	3.81605e-09	7.63209e-09	6.08953e-09	1.07802	0.666667	1	2	90	0.5	0.5	1.84255e-08
2.06442e-09		0	0	0	0	0	0	0		1			90			0
4.87162e-09	3.67385e-09	3.20369e-16	1.17699e-24	6.29086e-08	2.19843e-08	1.66094e-08	2.22512e-08	2.01967e-08	1.01728	0.694444	0.967581	1.18919	140.152	0.755511	0.244489	6.08692e-08
3.06771e-09	2.73431e-09	5.82489e-17	1.5927e-25	3.59251e-08	1.36527e-08	1.02395e-08	1.3759e-08	8.6119e-09	0.567155	0.833333	0.981077	0.8	153.435	0.75	0.25	3.52453e-08
3.50186e-09	2.9278e-09	1.01935e-16	2.98447e-25	3.6851e-08	1.20674e-08	1.08607e-08	1.20674e-08	1.13925e-08	0.943271	0.6875	0.981552	1.07692	161.565	0.9	0.1	3.61712e-08
2.40825e-09	2.15324e-09	1.45622e-17	3.13559e-26	1.30288e-08	5.39671e-09	2.69835e-09	5.39671e-09	4.30595e-09	1.07802	0.75	1	2	45	0.5	0.5	1.30288e-08
2.14105e-09	2.41209e-09	5.82489e-17	1.40501e-25	3.59251e-08	1.56872e-08	4.39984e-09	1.5734e-08	8.6119e-09	0.567155	0.7	0.973239	1.6	170.385	0.280474	0.719526	3.49637e-08
2.9097e-09	2.62221e-09	4.36866e-17	1.14556e-25	2.60576e-08	8.53294e-09	6.82635e-09	8.53294e-09	7.45812e-09	0.808518	0.666667	0.973911	1.2	26.5651	0.8	0.2	2.53778e-08
2.15095e-09		0	0	0	0	0	0	0		1			90			0
4.64859e-09	3.92873e-09	2.03871e-16	8.00955e-25	5.21152e-08	1.90802e-08	1.14481e-08	1.94581e-08	1.61114e-08	0.943271	0.833333	1	1.07692	180	0.6	0.4	5.21152e-08
3.25016e-09	2.94569e-09	5.82489e-17	1.71583e-25	2.8293e-08	1.07934e-08	8.09506e-09	1.07934e-08	8.6119e-09	0.914407	0.888889	1	1.14286	135	0.75	0.25	2.8293e-08
7.17875e-09	5.02387e-09	4.07742e-16	2.04844e-24	7.59374e-08	2.73344e-08	2.04885e-08	2.77812e-08	2.27849e-08	0.888554	0.75	0.991048	1.03704	153.765	0.74955	0.25045	7.52576e-08
5.67009e-09	4.11394e-09	2.76682e-16	1.13825e-24	5.75119e-08	2.00825e-08	1.63194e-08	2.055e-08	1.87692e-08	1.05118	0.766667	0.98818	1.1875	170.444	0.812619	0.187381	5.68321e-08
2.84388e-09	2.48432e-09	4.36866e-17	1.08532e-25	2.38222e-08	8.09506e-09	5.39671e-09	8.53294e-09	7.45812e-09	0.967374	0.666667	1	1.2	135	0.666667	0.333333	2.38222e-08
3.0723e-09	2.84445e-09	7.28111e-17	2.07107e-25	2.92189e-08	1.14481e-08	7.63209e-09	1.14481e-08	9.62839e-09	1.07171	0.666667	1	1.25	90	0.666667	0.333333	2.92189e-08
3.12364e-09	2.74308e-09	1.16498e-16	3.19563e-25	3.6851e-08	1.14481e-08	1.14481e-08	1.20674e-08	1.21791e-08	1.07802	0.75	1	1.14286	180	1	0	3.6851e-08
4.55921e-09	3.40318e-09	2.03871e-16	6.9381e-25	4.98798e-08	1.59477e-08	1.28245e-08	1.70659e-08	1.61114e-08	1.02971	0.64	0.959113	1.27273	144.928	0.804163	0.195837	4.78404e-08
2.71985e-09	2.87399e-09	5.82489e-17	1.67406e-25	2.8293e-08	1.07934e-08	8.09506e-09	1.07934e-08	8.6119e-09	0.914407	0.888889	1	1.14286	135	0.75	0.25	2.8293e-08
2.85299e-09	2.65595e-09	2.91244e-17	7.7353e-26	2.06609e-08	8.44718e-09	4.82696e-09	8.53294e-09	6.08953e-09	0.857372	0.833333	1	1.33333	18.4349	0.571429	0.428571	2.06609e-08
7.59435e-09	5.23833e-09	3.05807e-16	1.60191e-24	6.73794e-08	2.46396e-08	1.71434e-08	2.55988e-08	1.97323e-08	0.846452	0.828571	0.989911	1.02439	169.17	0.695768	0.304232	6.66996e-08
5.52621e-09	4.17079e-09	1.74747e-16	7.28831e-25	5.11893e-08	1.7424e-08	1.37031e-08	1.90802e-08	1.49162e-08	0.838032	0.95	1	1.04348	167.179	0.786449	0.213551	5.11893e-08
2.87409e-09	2.52967e-09	8.73733e-17	2.21025e-25	3.59251e-08	1.32606e-08	8.44264e-09	1.3759e-08	1.05474e-08	0.850733	0.833333	0.981077	1.2	71.7778	0.636671	0.363329	3.52453e-08
2.46384e-09		0	0	1.30288e-08	5.39671e-09	2.69835e-09	5.39671e-09	0	0	0.75	1	0	135	0.5	0.5	1.30288e-08
2.72318e-09	2.38617e-09	1.45622e-17	3.47479e-26	1.52642e-08	3.81605e-09	3.81605e-09	5.39671e-09	4.30595e-09	0.785398	1	1	1	90	1	0	1.52642e-08
2.14844e-09		0	0	7.63209e-09	3.81605e-09	7.00997e-25	3.81605e-09	0	0	1	1		180	1.83697e-16	1	7.63209e-09
2.09793e-09		0	0	0	0	0	0	0		1			90			0
2.05978e-09		0	0	7.63209e-09	3.81605e-09	7.00997e-25	3.81605e-09	0	0	1	1		180	1.83697e-16	1	7.63209e-09
2.11366e-09		0	0	0	0	0	0	0		1			90			0
2.83553e-09	2.4781e-09	4.36866e-17	1.0826e-25	2.60576e-08	7.63209e-09	7.63209e-09	8.53294e-09	7.45812e-09	0.808518	0.777778	1	1	90	1	0	2.60576e-08
2.20525e-09	2.22878e-09	4.36866e-17	9.73679e-26	2.60576e-08	8.53294e-09	6.82635e-09	8.53294e-09	7.45812e-09	0.808518	0.666667	0.973911	1.2	63.4349	0.8	0.2	2.53778e-08
2.06085e-09		0	0	0	0	0	0	0		1			90			0
2.3284e-09		0	0	7.63209e-09	3.81605e-09	7.00997e-25	3.81605e-09	0	0	1	1		180	1.83697e-16	1	7.63209e-09
2.2725e-09		0	0	0	0	0	0	0		1			180			0
2.42842e-09	2.59349e-09	1.45622e-17	3.7767e-26	1.52642e-08	3.81605e-09	3.81605e-09	5.39671e-09	4.30595e-09	0.785398	1	1	1	180	1	0	1.52642e-08
1.21976e-08	7.17003e-09	9.46544e-16	6.78675e-24	1.19495e-07	4.3324e-08	2.82898e-08	4.35096e-08	3.47157e-08	0.833018	0.760417	0.955464	1.04	170.04	0.652983	0.347017	1.14173e-07
2.1461e-09		0	0	0	0	0	0	0		1			180			0
2.20526e-09		0	0	1.30288e-08	5.39671e-09	2.69835e-09	5.39671e-09	0	0	0.75	1	0	135	0.5	0.5	1.30288e-08
2.6021e-09	2.43285e-09	4.36866e-17	1.06283e-25	2.8293e-08	1.07934e-08	8.09507e-09	1.07934e-08	7.45812e-09	0.685805	0.888889	1	0.857143	135	0.750001	0.249999	2.8293e-08
2.44856e-09		0	0	1.30288e-08	5.39671e-09	2.69835e-09	5.39671e-09	0	0	0.75	1	0	135	0.5	0.5	1.30288e-08
3.34726e-09	2.93287e-09	1.01935e-16	2.98963e-25	3.6851e-08	1.07934e-08	1.07934e-08	1.20674e-08	1.13925e-08	0.943271	0.6875	1	1.16667	45	1	0	3.6851e-08
3.73747e-09	3.22723e-09	1.16498e-16	3.75965e-25	3.90864e-08	1.34918e-08	1.07934e-08	1.3759e-08	1.21791e-08	0.958244	0.8125	1	1.06667	135	0.8	0.2	3.90864e-08
2.37845e-09	2.2362e-09	1.45622e-17	3.25641e-26	1.30288e-08	5.39671e-09	2.69835e-09	5.39671e-09	4.30595e-09	1.07802	0.75	1	2	45	0.5	0.5	1.30288e-08
2.3512e-09		0	0	7.63209e-09	3.81605e-09	7.00997e-25	3.81605e-09	0	0	1	1		180	1.83697e-16	1	7.63209e-09
3.06257e-09	2.74176e-09	4.36866e-17	1.19778e-25	2.15868e-08	7.63209e-09	7.63209e-09	7.63209e-09	7.45812e-09	1.1781	0.555556	1	1.5	180	1	0	2.15868e-08
2.61259e-09	2.48293e-09	1.45622e-17	3.6157e-26	1.30288e-08	5.39671e-09	2.69835e-09	5.39671e-09	4.30595e-09	1.07802	0.75	1	2	45	0.5	0.5	1.30288e-08
2.53551e-09	2.7899e-09	1.45622e-17	4.06271e-26	1.52642e-08	3.81605e-09	3.81605e-09	5.39671e-09	4.30595e-09	0.785398	1	1	1	180	1	0	1.52642e-08
4.92471e-09	3.71752e-09	1.60184e-16	5.95488e-25	4.89539e-08	1.52642e-08	1.14481e-08	1.70659e-08	1.42812e-08	0.839954	0.9	1	1	180	0.75	0.25	4.89539e-08
2.74543e-09	2.52981e-09	4.36866e-17	1.10519e-25	2.38222e-08	8.45927e-09	5.29933e-09	8.53294e-09	7.45812e-09	0.967374	0.555556	0.971463	1.5	55.9007	0.626452	0.373548	2.31424e-08
2.26351e-09		0	0	0	0	0	0	0		1			180			0
4.83399e-09	3.50959e-09	2.47558e-16	8.68826e-25	5.75119e-08	2.03682e-08	1.70446e-08	2.055e-08	1.77539e-08	0.940526	0.766667	0.98818	1.0625	150.572	0.836821	0.163179	5.68321e-08
2.5127e-09	2.33989e-09	2.91244e-17	6.8148e-26	2.06609e-08	8.44718e-09	4.82696e-09	8.53294e-09	6.08953e-09	0.857372	0.833333	1	1.33333	18.4349	0.571429	0.428571	2.06609e-08
3.57834e-09	3.00755e-09	5.82489e-17	1.75186e-25	3.14543e-08	1.18286e-08	8.04117e-09	1.20674e-08	8.6119e-09	0.739839	0.666667	0.978387	1	172.982	0.679806	0.320194	3.07745e-08
4.38383e-09	3.63385e-09	1.60184e-16	5.82086e-25	4.44831e-08	1.52642e-08	1.14481e-08	1.5734e-08	1.42812e-08	1.01728	0.8	1	1.1	180	0.75	0.25	4.44831e-08
6.47637e-09	4.62784e-09	2.91244e-16	1.34783e-24	6.5144e-08	2.37741e-08	1.67913e-08	2.41348e-08	1.92568e-08	0.862419	0.8	1	1.02564	171.483	0.706286	0.293714	6.5144e-08
2.29795e-09		0	0	7.63209e-09	3.81605e-09	7.00997e-25	3.81605e-09	0	0	1	1		180	1.83697e-16	1	7.63209e-09
5.33253e-09	3.58387e-09	1.74747e-16	6.26269e-25	4.44831e-08	1.5575e-08	1.21702e-08	1.5734e-08	1.49162e-08	1.10976	0.75	1	1.33333	174.116	0.781397	0.218603	4.44831e-08
3.25224e-09	2.77709e-09	2.91244e-17	8.0881e-26	2.06609e-08	8.44718e-09	4.82696e-09	8.53294e-09	6.08953e-09	0.857372	0.833333	1	1.33333	18.4349	0.571429	0.428571	2.06609e-08
6.08531e-09	4.14983e-09	2.6212e-16	1.08775e-24	5.52765e-08	1.90802e-08	1.52642e-08	1.94581e-08	1.82686e-08	1.07802	0.733333	1	1.2	180	0.8	0.2	5.52765e-08
4.48204e-09	3.48358e-09	1.89309e-16	6.59472e-25	4.98798e-08	1.58717e-08	1.55389e-08	1.70659e-08	1.55253e-08	0.956161	0.68	0.972742	1.13043	5.00399	0.979028	0.0209716	4.85202e-08
2.21551e-09		0	0	0	0	0	0	0		1			180			0
2.13494e-09		0	0	0	0	0	0	0		1			180			0
2.00803e-09		0	0	5.39671e-09	5.39671e-09	0	5.39671e-09	0	0	0.5	2		135	0	1	1.07934e-08
3.32281e-09	2.88515e-09	7.28111e-17	2.10071e-25	2.92189e-08	1.14481e-08	7.63209e-09	1.14481e-08	9.62839e-09	1.07171	0.666667	1	1.25	90	0.666667	0.333333	2.92189e-08
2.24591e-09		0	0	0	0	0	0	0		1			180			0
6.62104e-09	4.28372e-09	3.78618e-16	1.62189e-24	6.83053e-08	2.40836e-08	1.91096e-08	2.41348e-08	2.19561e-08	1.01977	0.690476	0.970142	1.18182	157.831	0.793473	0.206527	6.62659e-08
2.15675e-09		0	0	7.63209e-09	3.81605e-09	7.00997e-25	3.81605e-09	0	0	1	1		180	1.83697e-16	1	7.63209e-09
3.05036e-09	2.6005e-09	4.36866e-17	1.13607e-25	2.8293e-08	1.07934e-08	8.09507e-09	1.07934e-08	7.45812e-09	0.685805	0.888889	1	0.857143	135	0.750001	0.249999	2.8293e-08
8.67569e-09	5.82598e-09	4.65991e-16	2.71486e-24	8.13341e-08	3.04684e-08	2.04096e-08	3.0766e-08	2.43581e-08	0.885201	0.722222	0.983283	1.06667	164.9	0.669861	0.330139	7.99745e-08
2.83192e-09	2.668e-09	5.82489e-17	1.55408e-25	2.8293e-08	1.07934e-08	8.09507e-09	1.07934e-08	8.6119e-09	0.914407	0.888889	1	1.14286	45.0002	0.750001	0.249999	2.8293e-08
2.46582e-09	2.46582e-09	1.45622e-17	3.59078e-26	1.30288e-08	8.52966e-09	1.80063e-09	8.53294e-09	4.30595e-09	1.07802	0.5	1.36204	2	151.845	0.211103	0.788897	1.77457e-08
3.76074e-09	3.0365e-09	1.01935e-16	3.09527e-25	4.13218e-08	1.52642e-08	7.63209e-09	1.5734e-08	1.13925e-08	0.7502	0.866667	1	1	180	0.5	0.5	4.13218e-08
2.69288e-09	2.49069e-09	5.82489e-17	1.4508e-25	3.14543e-08	1.15831e-08	8.44661e-09	1.20674e-08	8.6119e-09	0.739839	0.666667	0.978387	1	145.278	0.729217	0.270783	3.07745e-08
2.57583e-09	2.07649e-09	1.45622e-17	3.02383e-26	2.06609e-08	8.44718e-09	4.82696e-09	8.53294e-09	4.30595e-09	0.428686	0.833333	1	0.666667	108.435	0.571429	0.428571	2.06609e-08
2.2224e-09		0	0	0	0	0	0	0		1			180			0
3.58942e-09	2.97296e-09	7.28111e-17	2.16464e-25	3.36897e-08	1.14481e-08	7.63209e-09	1.20674e-08	9.62839e-09	0.806145	0.833333	1	1	90	0.666667	0.333333	3.36897e-08
5.04331e-09	3.92357e-09	2.32995e-16	9.14173e-25	5.97473e-08	2.18894e-08	1.6974e-08	2.22512e-08	1.72238e-08	0.820202	0.733333	0.972531	1.03226	159.383	0.775445	0.224555	5.81061e-08
2.32985e-09		0	0	7.63209e-09	3.81605e-09	7.00997e-25	3.81605e-09	0	0	1	1		180	1.83697e-16	1	7.63209e-09
3.05648e-09	2.5609e-09	7.28111e-17	1.86462e-25	2.92189e-08	1.14481e-08	7.63209e-09	1.14481e-08	9.62839e-09	1.07171	0.666667	1	1.25	180	0.666667	0.333333	2.92189e-08
2.87071e-09	2.42176e-09	2.91244e-17	7.05325e-26	2.28963e-08	7.63209e-09	3.81605e-09	8.53294e-09	6.08953e-09	0.698132	1	1	1	180	0.5	0.5	2.28963e-08
7.06587e-09	4.77221e-09	4.65991e-16	2.22381e-24	7.81728e-08	2.72669e-08	1.96627e-08	2.77812e-08	2.43581e-08	0.958244	0.75	0.970309	1.14286	4.90272	0.72112	0.27888	7.58518e-08
2.20794e-09		0	0	7.63209e-09	3.81605e-09	7.00997e-25	3.81605e-09	0	0	1	1		180	1.83697e-16	1	7.63209e-09
3.44809e-09	3.06863e-09	5.82489e-17	1.78744e-25	2.60576e-08	7.63209e-09	7.63209e-09	8.53294e-09	8.6119e-09	1.07802	0.777778	1	1.33333	180	1	-2.22045e-16	2.60576e-08
2.39191e-09	2.34622e-09	1.45622e-17	3.41661e-26	1.52642e-08	3.81605e-09	3.81605e-09	5.39671e-09	4.30595e-09	0.785398	1	1	1	180	1	0	1.52642e-08
3.34936e-09	2.85806e-09	8.73733e-17	2.49718e-25	3.6851e-08	1.36056e-08	8.47361e-09	1.3759e-08	1.05474e-08	0.808518	0.625	0.981552	1.09091	137.746	0.622805	0.377195	3.61712e-08
2.33687e-09	2.34558e-09	2.91244e-17	6.83138e-26	1.84255e-08	8.49846e-09	3.24612e-09	8.53294e-09	6.08953e-09	1.07802	0.666667	1	2	31.7175	0.381966	0.618034	1.84255e-08
2.74281e-09	2.35297e-09	1.45622e-17	3.42645e-26	1.30288e-08	5.39671e-09	2.69835e-09	5.39671e-09	4.30595e-09	1.07802	0.75	1	2	45	0.5	0.5	1.30288e-08
2.36222e-09	2.2968e-09	1.45622e-17	3.34465e-26	1.52642e-08	3.81605e-09	3.81605e-09	5.39671e-09	4.30595e-09	0.785398	1	1	1	180	1	0	1.52642e-08
2.92809e-09	2.74185e-09	7.28111e-17	1.99637e-25	3.14543e-08	1.2061e-08	8.48199e-09	1.20674e-08	9.62839e-09	0.924799	0.75	1	1.11111	159.699	0.703257	0.296743	3.14543e-08
3.71494e-09	3.22615e-09	1.3106e-16	4.22819e-25	4.13218e-08	1.14481e-08	1.14481e-08	1.3759e-08	1.29178e-08	0.964543	0.875	1	1.125	180	1	0	4.13218e-08
2.06862e-09		0	0	7.63209e-09	3.81605e-09	1.40247e-23	3.81605e-09	0	0	1	1		90	3.67518e-15	1	7.63209e-09
2.29117e-09		0	0	7.63209e-09	3.81605e-09	7.00997e-25	3.81605e-09	0	0	1	1		180	1.83697e-16	1	7.63209e-09
2.08851e-09		0	0	0	0	0	0	0		1			180			0
5.43094e-09	4.03838e-09	2.76682e-16	1.11735e-24	5.97473e-08	1.90802e-08	1.52642e-08	2.055e-08	1.87692e-08	0.97399	0.866667	1	1.05556	180	0.8	0.2	5.97473e-08
2.6711e-09	2.57448e-09	5.82489e-17	1.49961e-25	2.60576e-08	8.53294e-09	6.82635e-09	8.53294e-09	8.6119e-09	1.07802	0.666667	0.973911	1.6	116.565	0.8	0.2	2.53778e-08
2.89616e-09	2.90254e-09	8.73733e-17	2.53604e-25	3.14543e-08	1.2061e-08	8.48199e-09	1.20674e-08	1.05474e-08	1.10976	0.75	1	1.33333	20.3006	0.703257	0.296743	3.14543e-08
2.38027e-09	2.32521e-09	1.45622e-17	3.38602e-26	1.52642e-08	3.81605e-09	3.81605e-09	5.39671e-09	4.30595e-09	0.785398	1	1	1	180	1	0	1.52642e-08
2.75935e-09	2.37532e-09	4.36866e-17	1.0377e-25	2.60576e-08	7.63209e-09	7.63209e-09	8.53294e-09	7.45812e-09	0.808518	0.777778	1	1	90	1	0	2.60576e-08
2.20418e-09	2.20418e-09	1.45622e-17	3.20977e-26	1.30288e-08	5.39671e-09	2.69835e-09	5.39671e-09	4.30595e-09	1.07802	0.75	1	2	135	0.5	0.5	1.30288e-08
3.15535e-09	2.81468e-09	4.36866e-17	1.22964e-25	2.8293e-08	1.07934e-08	8.09507e-09	1.07934e-08	7.45812e-09	0.685805	0.888889	1	0.857143	135	0.750001	0.249999	2.8293e-08
2.18604e-09		0	0	7.63209e-09	3.81605e-09	7.00997e-25	3.81605e-09	0	0	1	1		180	1.83697e-16	1	7.63209e-09
2.14515e-09		0	0	7.63209e-09	3.81605e-09	1.40247e-23	3.81605e-09	0	0	1	1		90	3.67518e-15	1	7.63209e-09
2.38458e-09		0	0	0	0	0	0	0		1			180			0
2.88569e-09	2.58315e-09	2.91244e-17	7.52327e-26	2.28963e-08	7.63209e-09	3.81605e-09	8.53294e-09	6.08953e-09	0.698132	1	1	1	180	0.5	0.5	2.28963e-08
6.63596e-09	4.71023e-09	3.64055e-16	1.71478e-24	6.83053e-08	2.50695e-08	1.73485e-08	2.55988e-08	2.15297e-08	0.980547	0.690476	0.980095	1.16279	141.763	0.692017	0.307983	6.69457e-08
2.58647e-09	2.45063e-09	7.28111e-17	1.78433e-25	2.92189e-08	1.178e-08	6.54447e-09	1.20674e-08	9.62839e-09	1.07171	0.583333	1	1.66667	149.036	0.555556	0.444444	2.92189e-08
2.87683e-09	2.72686e-09	7.28111e-17	1.98546e-25	3.59251e-08	1.36527e-08	1.02395e-08	1.3759e-08	9.62839e-09	0.708944	0.833333	0.981077	1	26.5651	0.75	0.25	3.52453e-08
5.40846e-09	3.97434e-09	1.60184e-16	6.36627e-25	5.11893e-08	1.7424e-08	1.37031e-08	1.90802e-08	1.42812e-08	0.768196	0.95	1	0.956522	167.179	0.786449	0.213551	5.11893e-08
2.9465e-09	2.59012e-09	1.45622e-17	3.77178e-26	1.30288e-08	5.39671e-09	2.69835e-09	5.39671e-09	4.30595e-09	1.07802	0.75	1	2	45	0.5	0.5	1.30288e-08
3.94325e-09	3.16565e-09	1.74747e-16	5.53187e-25	4.76444e-08	1.51838e-08	1.37173e-08	1.5734e-08	1.49162e-08	0.967374	0.64	0.985732	1.14286	150.767	0.903419	0.0965807	4.69646e-08
2.48317e-09	2.15097e-09	1.45622e-17	3.13228e-26	1.52642e-08	3.81605e-09	3.81605e-09	5.39671e-09	4.30595e-09	0.785398	1	1	1	180	1	0	1.52642e-08
2.1167e-09		0	0	0	0	0	0	0		1			180			0
2.05685e-09		0	0	0	0	0	0	0		1			180			0
2.70287e-09	2.5026e-09	5.82489e-17	1.45773e-25	2.60576e-08	7.63209e-09	7.63209e-09	8.53294e-09	8.6119e-09	1.07802	0.777778	1	1.33333	90	1	0	2.60576e-08
6.12738e-09	4.24035e-09	3.34931e-16	1.42023e-24	7.05407e-08	2.38573e-08	1.88064e-08	2.44346e-08	2.06506e-08	0.845835	0.714286	0.967097	1	153.82	0.788289	0.211711	6.82197e-08
2.25535e-09		0	0	7.63209e-09	3.81605e-09	7.00997e-25	3.81605e-09	0	0	1	1		180	1.83697e-16	1	7.63209e-09
2.62839e-09	2.62839e-09	1.45622e-17	3.82752e-26	1.30288e-08	5.39671e-09	2.69835e-09	5.39671e-09	4.30595e-09	1.07802	0.75	1	2	135	0.5	0.5	1.30288e-08
2.06231e-09		0	0	0	0	0	0	0		1			180			0
3.48183e-09	3.1537e-09	7.28111e-17	2.29625e-25	3.36897e-08	1.36527e-08	8.53294e-09	1.3759e-08	9.62839e-09	0.806145	0.833333	1	1	153.435	0.625	0.375	3.36897e-08
2.3257e-09	2.3257e-09	1.45622e-17	3.38674e-26	1.30288e-08	5.39671e-09	2.69835e-09	5.39671e-09	4.30595e-09	1.07802	0.75	1	2	135	0.5	0.5	1.30288e-08
2.59157e-09	2.28231e-09	1.45622e-17	3.32355e-26	2.06609e-08	8.44718e-09	4.82696e-09	8.53294e-09	4.30595e-09	0.428686	0.833333	1	0.666667	108.435	0.571429	0.428571	2.06609e-08
2.35959e-09		0	0	1.52642e-08	7.63209e-09	2.80493e-23	7.63209e-09	0	0	1	1		90	3.67518e-15	1	1.52642e-08
2.76653e-09	2.76653e-09	1.45622e-17	4.02868e-26	2.60576e-08	1.07934e-08	5.39671e-09	1.07934e-08	4.30595e-09	0.269506	0.666667	1	0.5	135	0.5	0.5	2.60576e-08
2.07031e-09		0	0	0	0	0	0	0		1			180			0
8.38617e-09	5.5015e-09	4.95115e-16	2.72388e-24	8.35695e-08	3.07241e-08	2.14644e-08	3.0766e-08	2.51078e-08	0.890883	0.759259	0.981688	1.0625	169.885	0.69862	0.30138	8.20392e-08
2.95021e-09	2.5175e-09	4.36866e-17	1.09981e-25	2.60576e-08	7.63209e-09	7.63209e-09	8.53294e-09	7.45812e-09	0.808518	0.777778	1	1	90	1	0	2.60576e-08
3.43942e-09	3.42237e-09	1.01935e-16	3.48861e-25	3.90864e-08	1.37534e-08	1.05196e-08	1.3759e-08	1.13925e-08	0.838463	0.75	0.982607	1	122.067	0.764871	0.235129	3.84066e-08
7.81057e-09	5.06362e-09	7.57235e-16	3.83435e-24	1.10553e-07	3.59718e-08	2.69793e-08	3.75837e-08	3.10506e-08	0.778573	0.7375	0.917915	1.01961	97.1213	0.750014	0.249986	1.01478e-07
2.50554e-09	2.17113e-09	2.91244e-17	6.32328e-26	2.28963e-08	7.63209e-09	3.81605e-09	8.53294e-09	6.08953e-09	0.698132	1	1	1	180	0.5	0.5	2.28963e-08
3.46643e-09	2.97932e-09	8.73733e-17	2.60313e-25	3.36897e-08	1.14481e-08	7.63209e-09	1.20674e-08	1.05474e-08	0.967374	0.833333	1	1.2	180	0.666667	0.333333	3.36897e-08
2.2282e-09		0	0	7.63209e-09	3.81605e-09	7.00997e-25	3.81605e-09	0	0	1	1		180	1.83697e-16	1	7.63209e-09
5.18526e-09	3.522e-09	1.89309e-16	6.66746e-25	4.98798e-08	1.70652e-08	1.36671e-08	1.70659e-08	1.55253e-08	0.956161	0.68	0.972742	1.13043	152.935	0.800873	0.199127	4.85202e-08
2.37087e-09	2.33904e-09	2.91244e-17	6.81231e-26	2.06609e-08	8.44718e-09	3.62022e-09	8.53294e-09	6.08953e-09	0.857372	0.666667	1.2283	4	71.5651	0.428571	0.571429	2.53778e-08
2.15199e-09		0	0	0	0	0	0	0		1			180			0
2.36042e-09	2.08587e-09	1.45622e-17	3.03748e-26	1.30288e-08	5.39671e-09	2.69835e-09	5.39671e-09	4.30595e-09	1.07802	0.75	1	2	45	0.5	0.5	1.30288e-08
5.40516e-09	3.96253e-09	2.76682e-16	1.09636e-24	5.75119e-08	2.03378e-08	1.70344e-08	2.055e-08	1.87692e-08	1.05118	0.766667	0.98818	1.1875	149.957	0.837576	0.162424	5.68321e-08
5.43695e-09	4.04364e-09	1.89309e-16	7.65496e-25	5.43506e-08	1.87532e-08	1.53306e-08	1.90802e-08	1.55253e-08	0.805327	0.8	0.982311	0.962963	153.754	0.817491	0.182509	5.33892e-08
2.16231e-09	2.11565e-09	1.45622e-17	3.08086e-26	1.30288e-08	5.39671e-09	2.69835e-09	5.39671e-09	4.30595e-09	1.07802	0.75	1	2	45	0.5	0.5	1.30288e-08
2.08827e-09		0	0	7.63209e-09	3.81605e-09	7.00997e-25	3.81605e-09	0	0	1	1		180	1.83697e-16	1	7.63209e-09
3.00295e-09	2.59357e-09	5.82489e-17	1.51072e-25	2.38222e-08	8.09506e-09	5.39672e-09	8.53294e-09	8.6119e-09	1.28983	0.666667	1	1.6	45.0001	0.666668	0.333332	2.38222e-08
2.76435e-09	2.14253e-09	1.45622e-17	3.12e-26	1.30288e-08	5.39671e-09	2.69835e-09	5.39671e-09	4.30595e-09	1.07802	0.75	1	2	45	0.5	0.5	1.30288e-08
2.77057e-09		0	0	1.52642e-08	7.63209e-09	1.40199e-24	7.63209e-09	0	0	1	1		180	1.83697e-16	1	1.52642e-08
2.07043e-09		0	0	0	0	0	0	0		1			180			0
3.92066e-09	3.19341e-09	1.16498e-16	3.72024e-25	3.90864e-08	1.34918e-08	1.07934e-08	1.3759e-08	1.21791e-08	0.958244	0.8125	1	1.06667	135	0.8	0.2	3.90864e-08
2.31854e-09		0	0	7.63209e-09	3.81605e-09	7.00997e-25	3.81605e-09	0	0	1	1		180	1.83697e-16	1	7.63209e-09
2.47758e-09	2.24589e-09	1.45622e-17	3.27052e-26	1.30288e-08	5.39671e-09	2.69835e-09	5.39671e-09	4.30595e-09	1.07802	0.75	1	2	45	0.5	0.5	1.30288e-08
2.17863e-09		0	0	0	0	0	0	0		1			180			0
2.14872e-09	2.33704e-09	1.45622e-17	3.40324e-26	1.30288e-08	5.39671e-09	2.69835e-09	5.39671e-09	4.30595e-09	1.07802	0.75	1	2	45	0.5	0.5	1.30288e-08
2.07212e-09		0	0	0	0	0	0	0		1			180			0
2.08395e-09		0	0	0	0	0	0	0		1			180			0
3.04774e-09	2.70145e-09	8.73733e-17	2.36034e-25	3.36897e-08	1.14481e-08	7.63209e-09	1.20674e-08	1.05474e-08	0.967374	0.833333	1	1.2	180	0.666667	0.333333	3.36897e-08
2.13322e-09		0	0	0	0	0	0	0		1			180			0
2.07099e-09		0	0	0	0	0	0	0		1			180			0
4.89512e-09	3.63857e-09	1.45622e-16	5.29856e-25	4.44831e-08	1.5734e-08	1.29574e-08	1.5734e-08	1.36166e-08	0.924799	0.75	0.984718	1.05263	14.0362	0.823529	0.176471	4.38033e-08
4.09141e-09	3.42039e-09	1.74747e-16	5.97701e-25	4.44831e-08	1.5575e-08	1.21702e-08	1.5734e-08	1.49162e-08	1.10976	0.75	1	1.33333	174.116	0.781397	0.218603	4.44831e-08
2.37104e-09		0	0	0	0	0	0	0		1			180			0
3.02682e-09	2.61754e-09	7.28111e-17	1.90586e-25	3.14543e-08	1.2061e-08	8.48199e-09	1.20674e-08	9.62839e-09	0.924799	0.75	1	1.11111	110.301	0.703257	0.296743	3.14543e-08
2.35308e-09	2.09768e-09	1.45622e-17	3.05469e-26	1.52642e-08	3.81605e-09	3.81605e-09	5.39671e-09	4.30595e-09	0.785398	1	1	1	180	1	0	1.52642e-08
5.03717e-09	3.88306e-09	1.89309e-16	7.35098e-25	5.43506e-08	1.93548e-08	1.24755e-08	1.94581e-08	1.55253e-08	0.805327	0.833333	0.987492	1	174.595	0.64457	0.35543	5.36708e-08
7.58922e-09	5.48618e-09	2.6212e-16	1.43804e-24	6.19827e-08	2.30162e-08	1.16924e-08	2.41348e-08	1.82686e-08	0.857372	0.857143	0.989032	1.125	0.922389	0.508007	0.491993	6.13029e-08
3.09598e-09	2.8061e-09	5.82489e-17	1.63452e-25	3.05284e-08	7.63209e-09	7.63209e-09	1.07934e-08	8.6119e-09	0.785398	1	1	1	180	1	0	3.05284e-08
2.41475e-09	2.36641e-09	2.91244e-17	6.89204e-26	2.06609e-08	8.44718e-09	4.82696e-09	8.53294e-09	6.08953e-09	0.857372	0.833333	1	1.33333	18.4349	0.571429	0.428571	2.06609e-08
3.12187e-09	2.86172e-09	8.73733e-17	2.50038e-25	3.6851e-08	1.36463e-08	8.63632e-09	1.3759e-08	1.05474e-08	0.808518	0.6875	1	1	131.028	0.63287	0.36713	3.6851e-08
2.19829e-09		0	0	7.63209e-09	3.81605e-09	1.40247e-23	3.81605e-09	0	0	1	1		90	3.67518e-15	1	7.63209e-09
2.73046e-09	2.21592e-09	1.45622e-17	3.22687e-26	1.52642e-08	3.81605e-09	3.81605e-09	5.39671e-09	4.30595e-09	0.785398	1	1	1	180	1	0	1.52642e-08
2.10512e-09		0	0	0	0	0	0	0		1			180			0
2.06499e-09		0	0	0	0	0	0	0		1			180			0
2.87838e-09	2.87838e-09	1.45622e-17	4.19156e-26	2.60576e-08	1.07934e-08	5.39671e-09	1.07934e-08	4.30595e-09	0.269506	0.666667	1	0.5	135	0.500001	0.499999	2.60576e-08
2.57463e-09	2.60972e-09	1.45622e-17	3.80033e-26	1.30288e-08	5.39671e-09	2.69835e-09	5.39671e-09	4.30595e-09	1.07802	0.75	1	2	45	0.5	0.5	1.30288e-08
2.47935e-09	2.68067e-09	1.45622e-17	3.90365e-26	1.52642e-08	3.81605e-09	3.81605e-09	5.39671e-09	4.30595e-09	0.785398	1	1	1	180	1	0	1.52642e-08
5.15457e-09	3.8717e-09	2.32995e-16	9.02088e-25	5.52765e-08	1.90802e-08	1.52642e-08	1.94581e-08	1.72238e-08	0.958244	0.733333	1	1.06667	1.39593e-09	0.8	0.2	5.52765e-08
2.09438e-09		0	0	0	0	0	0	0		1			180			0
4.19815e-09	3.50483e-09	1.74747e-16	6.12457e-25	5.21152e-08	1.87573e-08	1.26526e-08	1.90802e-08	1.49162e-08	0.808518	0.708333	0.960867	1.04348	169.443	0.674546	0.325454	5.00758e-08
2.54338e-09	2.34892e-09	1.45622e-17	3.42054e-26	1.30288e-08	5.39671e-09	2.69835e-09	5.39671e-09	4.30595e-09	1.07802	0.75	1	2	45	0.5	0.5	1.30288e-08
2.34401e-09		0	0	0	0	0	0	0		1			180			0
2.40682e-09		0	0	7.63209e-09	3.81605e-09	7.00997e-25	3.81605e-09	0	0	1	1		180	1.83697e-16	1	7.63209e-09
2.60284e-09	2.63801e-09	2.91244e-17	7.68305e-26	2.06609e-08	8.44718e-09	4.82696e-09	8.53294e-09	6.08953e-09	0.857372	0.833333	1	1.33333	108.435	0.571429	0.428571	2.06609e-08
2.56787e-09	2.54149e-09	1.45622e-17	3.70098e-26	1.84255e-08	8.49846e-09	3.24612e-09	8.53294e-09	4.30595e-09	0.539012	0.666667	1	1	148.283	0.381966	0.618034	1.84255e-08
2.38072e-09		0	0	7.63209e-09	3.81605e-09	7.00997e-25	3.81605e-09	0	0	1	1		180	1.83697e-16	1	7.63209e-09
4.73663e-09	3.8656e-09	2.03871e-16	7.88083e-25	5.43506e-08	1.94545e-08	1.28214e-08	1.94581e-08	1.61114e-08	0.867275	0.791667	0.974984	1.12	167.583	0.659047	0.340953	5.2991e-08
2.2445e-09		0	0	0	0	0	0	0		1			180			0
3.3114e-09	2.82671e-09	8.73733e-17	2.46979e-25	3.36897e-08	1.14481e-08	7.63209e-09	1.20674e-08	1.05474e-08	0.967374	0.833333	1	1.2	180	0.666667	0.333333	3.36897e-08
2.21801e-09		0	0	7.63209e-09	3.81605e-09	7.00997e-25	3.81605e-09	0	0	1	1		180	1.83697e-16	1	7.63209e-09
2.31341e-09		0	0	7.63209e-09	3.81605e-09	7.00997e-25	3.81605e-09	0	0	1	1		180	1.83697e-16	1	7.63209e-09
2.98197e-09	2.6856e-09	5.82489e-17	1.56433e-25	2.60576e-08	7.63209e-09	7.63209e-09	8.53294e-09	8.6119e-09	1.07802	0.777778	1	1.33333	180	1	-2.22045e-16	2.60576e-08
2.69468e-09	2.65618e-09	1.45622e-17	3.86799e-26	2.06609e-08	8.44718e-09	4.82696e-09	8.53294e-09	4.30595e-09	0.428686	0.833333	1	0.666667	161.565	0.571429	0.428571	2.06609e-08
2.08101e-09		0	0	0	0	0	0	0		1			180			0
2.31051e-09		0	0	7.63209e-09	3.81605e-09	7.00997e-25	3.81605e-09	0	0	1	1		180	1.83697e-16	1	7.63209e-09
2.18261e-09		0	0	0	0	0	0	0		1			180			0
6.92006e-09	4.61015e-09	3.78618e-16	1.74548e-24	6.83053e-08	2.40186e-08	1.94514e-08	2.41348e-08	2.19561e-08	1.01977	0.714286	0.980095	1.15556	167.191	0.80985	0.19015	6.69457e-08
2.79407e-09	2.70083e-09	2.91244e-17	7.86601e-26	2.06609e-08	8.44718e-09	4.82696e-09	8.53294e-09	6.08953e-09	0.857372	0.833333	1	1.33333	161.565	0.571429	0.428571	2.06609e-08
2.39375e-09		0	0	7.63209e-09	3.81605e-09	7.00997e-25	3.81605e-09	0	0	1	1		180	1.83697e-16	1	7.63209e-09
2.68507e-09	2.20939e-09	1.45622e-17	3.21737e-26	1.52642e-08	3.81605e-09	3.81605e-09	5.39671e-09	4.30595e-09	0.785398	1	1	1	180	1	0	1.52642e-08
2.90899e-09	2.54589e-09	4.36866e-17	1.11221e-25	2.38222e-08	8.09506e-09	5.39671e-09	8.53294e-09	7.45812e-09	0.967374	0.666667	1	1.2	135	0.666667	0.333333	2.38222e-08
3.73306e-09	3.16255e-09	1.16498e-16	3.6843e-25	3.6851e-08	1.20674e-08	1.08607e-08	1.20674e-08	1.21791e-08	1.07802	0.6875	0.981552	1.23077	71.5651	0.9	0.1	3.61712e-08
2.40554e-09	2.35633e-09	2.91244e-17	6.86269e-26	1.84255e-08	8.49846e-09	3.24612e-09	8.53294e-09	6.08953e-09	1.07802	0.666667	1	2	31.7175	0.381966	0.618034	1.84255e-08
3.44841e-09	3.28183e-09	8.73733e-17	2.86744e-25	3.81605e-08	1.14481e-08	7.63209e-09	1.3759e-08	1.05474e-08	0.753982	1	1	1	180	0.666667	0.333333	3.81605e-08
2.12279e-09		0	0	0	0	0	0	0		1			180			0
2.4484e-09	2.33678e-09	2.91244e-17	6.80573e-26	1.84255e-08	7.63209e-09	3.81605e-09	7.63209e-09	6.08953e-09	1.07802	0.666667	1	2	90	0.5	0.5	1.84255e-08
6.69096e-09	4.71665e-09	3.20369e-16	1.51107e-24	6.73794e-08	2.31832e-08	1.60404e-08	2.41348e-08	2.01967e-08	0.88676	0.8	0.969732	1.07317	173.399	0.691896	0.308104	6.53399e-08
2.43981e-09	2.45732e-09	1.45622e-17	3.5784e-26	2.06609e-08	8.44718e-09	3.62022e-09	8.53294e-09	4.30595e-09	0.428686	0.666667	0.967097	1	71.5651	0.428571	0.571429	1.99811e-08
2.31685e-09	2.23799e-09	1.45622e-17	3.25901e-26	1.30288e-08	5.39671e-09	2.69835e-09	5.39671e-09	4.30595e-09	1.07802	0.75	1	2	45	0.5	0.5	1.30288e-08
1.39543e-08	7.77481e-09	4.51429e-16	3.50977e-24	1.13172e-07	4.95957e-08	1.21403e-08	4.97552e-08	2.39745e-08	0.442916	0.803571	0.97817	0.953846	178.695	0.244785	0.755215	1.10701e-07
